V
14.619
14.513
14.41
14.311
14.215
14.122
14.033
14.032
14.078
14.123
14.166
14.209
14.251
14.291
14.331
14.37
14.407
14.444
14.479
14.514
14.547
14.58
14.612
14.632
14.641
14.65
14.658
14.667
14.605
14.532
14.462
14.396
14.333
14.274
14.218
14.166
14.118
14.073
14.031
13.993
13.958
13.927
13.9
13.876
13.855
13.839
13.825
13.815
13.809
13.806
13.807
13.811
13.819
13.83
13.845
13.863
13.885
13.91
13.939
13.971
14.007
14.046
14.089
14.136
14.186
14.239
14.296
14.357
14.421
14.488
14.56
14.634
14.712
14.794
14.879
14.968
15.06
15.181
15.301
15.422
15.543
15.664
15.784
15.905
16.026
16.147
16.267
16.388
16.509
16.63
16.75
16.871
16.992
17.113
17.233
17.354
17.475
17.596
17.716
17.837
17.958
18.079
18.199
18.32
18.441
18.562
18.682
18.803
18.924
19.045
19.165
19.286
19.407
19.528
19.648
19.769
19.89
20.011
20.131
20.252
20.373
20.494
20.614
20.735
20.856
20.977
21.097
21.218
21.339
21.46
21.58
21.701
21.822
21.943
22.063
22.184
22.305
22.426
22.546
22.667
22.788
22.909
23.029
23.15
23.271
23.392
23.512
23.633
23.754
23.875
23.995
24.116
14.686
14.581
14.478
14.38
14.284
14.192
14.103
14.017
14.038
14.083
14.126
14.168
14.21
14.25
14.29
14.328
14.366
14.402
14.437
14.472
14.505
14.537
14.569
14.599
14.615
14.624
14.633
14.642
14.632
14.561
14.493
14.428
14.368
14.31
14.256
14.206
14.159
14.116
14.076
14.04
14.007
13.978
13.952
13.93
13.912
13.897
13.885
13.877
13.872
13.871
13.874
13.88
13.889
13.903
13.919
13.939
13.963
13.99
14.021
14.055
14.093
14.134
14.179
14.227
14.279
14.334
14.393
14.455
14.521
14.59
14.663
14.74
14.82
14.903
14.99
15.032
15.149
15.28
15.402
15.522
15.643
15.764
15.885
16.005
16.126
16.247
16.368
16.488
16.609
16.73
16.851
16.971
17.092
17.213
17.334
17.454
17.575
17.696
17.817
17.937
18.058
18.179
18.3
18.42
18.541
18.662
18.783
18.903
19.024
19.145
19.266
19.386
19.507
19.628
19.749
19.869
19.99
20.111
20.232
20.352
20.473
20.594
20.715
20.835
20.956
21.077
21.198
21.318
21.439
21.56
21.681
21.801
21.922
22.043
22.164
22.284
22.405
22.526
22.647
22.767
22.888
23.009
23.13
23.25
23.371
23.492
23.613
23.733
23.854
23.975
24.096
24.216
14.704
14.645
14.543
14.445
14.35
14.258
14.17
14.085
14.015
14.043
14.087
14.129
14.17
14.21
14.25
14.288
14.325
14.361
14.396
14.431
14.464
14.496
14.527
14.557
14.586
14.599
14.607
14.616
14.625
14.586
14.52
14.457
14.398
14.343
14.291
14.242
14.197
14.156
14.118
14.084
14.053
14.025
14.001
13.981
13.964
13.951
13.941
13.935
13.932
13.933
13.938
13.945
13.957
13.972
13.99
14.012
14.037
14.066
14.099
14.135
14.174
14.218
14.264
14.314
14.368
14.425
14.486
14.55
14.618
14.689
14.764
14.842
14.924
14.946
15.004
15.108
15.237
15.367
15.5
15.623
15.743
15.864
15.985
16.106
16.226
16.347
16.468
16.589
16.709
16.83
16.951
17.072
17.192
17.313
17.434
17.555
17.675
17.796
17.917
18.038
18.158
18.279
18.4
18.521
18.641
18.762
18.883
19.004
19.124
19.245
19.366
19.487
19.607
19.728
19.849
19.97
20.09
20.211
20.332
20.453
20.573
20.694
20.815
20.936
21.056
21.177
21.298
21.419
21.539
21.66
21.781
21.902
22.022
22.143
22.264
22.385
22.505
22.626
22.747
22.868
22.988
23.109
23.23
23.351
23.471
23.592
23.713
23.834
23.954
24.075
24.196
24.317
14.678
14.677
14.604
14.507
14.412
14.321
14.233
14.149
14.068
14.016
14.048
14.09
14.132
14.172
14.211
14.249
14.286
14.322
14.357
14.391
14.424
14.455
14.486
14.516
14.545
14.573
14.582
14.591
14.599
14.608
14.543
14.483
14.425
14.372
14.322
14.275
14.232
14.192
14.156
14.124
14.095
14.069
14.047
14.028
14.014
14.002
13.994
13.99
13.989
13.992
13.998
14.007
14.021
14.037
14.058
14.081
14.109
14.139
14.174
14.212
14.253
14.298
14.346
14.398
14.454
14.513
14.575
14.641
14.711
14.784
14.86
14.94
14.997
14.977
15.067
15.194
15.323
15.453
15.585
15.719
15.844
15.964
16.085
16.206
16.327
16.447
16.568
16.689
16.81
16.93
17.051
17.172
17.293
17.413
17.534
17.655
17.776
17.896
18.017
18.138
18.259
18.379
18.5
18.621
18.742
18.862
18.983
19.104
19.225
19.345
19.466
19.587
19.708
19.828
19.949
20.07
20.191
20.311
20.432
20.553
20.674
20.794
20.915
21.036
21.157
21.277
21.398
21.519
21.64
21.76
21.881
22.002
22.123
22.243
22.364
22.485
22.606
22.726
22.847
22.968
23.089
23.209
23.33
23.451
23.572
23.692
23.813
23.934
24.055
24.175
24.296
24.417
14.652
14.651
14.65
14.565
14.471
14.381
14.294
14.21
14.129
14.052
14.016
14.053
14.094
14.134
14.172
14.21
14.247
14.283
14.318
14.351
14.384
14.416
14.447
14.476
14.505
14.533
14.556
14.565
14.574
14.583
14.563
14.505
14.449
14.397
14.349
14.304
14.263
14.225
14.191
14.16
14.133
14.109
14.089
14.072
14.059
14.05
14.043
14.041
14.042
14.046
14.054
14.066
14.081
14.099
14.121
14.147
14.176
14.209
14.245
14.285
14.328
14.375
14.425
14.479
14.536
14.597
14.661
14.729
14.8
14.875
14.893
14.969
14.949
15.027
15.152
15.278
15.407
15.537
15.669
15.803
15.938
16.065
16.185
16.306
16.427
16.548
16.668
16.789
16.91
17.031
17.151
17.272
17.393
17.514
17.634
17.755
17.876
17.997
18.117
18.238
18.359
18.48
18.6
18.721
18.842
18.963
19.083
19.204
19.325
19.446
19.566
19.687
19.808
19.929
20.049
20.17
20.291
20.412
20.532
20.653
20.774
20.895
21.015
21.136
21.257
21.378
21.498
21.619
21.74
21.861
21.981
22.102
22.223
22.344
22.464
22.585
22.706
22.827
22.947
23.068
23.189
23.31
23.43
23.551
23.672
23.793
23.913
24.034
24.155
24.275
24.396
24.517
14.625
14.625
14.624
14.621
14.527
14.437
14.351
14.267
14.187
14.111
14.037
14.017
14.057
14.097
14.135
14.173
14.21
14.245
14.28
14.313
14.346
14.378
14.408
14.438
14.466
14.494
14.52
14.54
14.549
14.557
14.566
14.523
14.469
14.419
14.373
14.33
14.29
14.254
14.222
14.193
14.168
14.146
14.127
14.113
14.101
14.094
14.089
14.088
14.091
14.098
14.107
14.121
14.138
14.158
14.182
14.209
14.24
14.275
14.313
14.354
14.399
14.448
14.5
14.555
14.614
14.677
14.743
14.813
14.872
14.942
14.941
14.921
14.987
15.11
15.234
15.361
15.489
15.619
15.751
15.885
16.02
16.157
16.286
16.406
16.527
16.648
16.769
16.889
17.01
17.131
17.252
17.372
17.493
17.614
17.735
17.855
17.976
18.097
18.218
18.338
18.459
18.58
18.701
18.821
18.942
19.063
19.184
19.304
19.425
19.546
19.667
19.787
19.908
20.029
20.15
20.27
20.391
20.512
20.633
20.753
20.874
20.995
21.116
21.236
21.357
21.478
21.598
21.719
21.84
21.961
22.081
22.202
22.323
22.444
22.564
22.685
22.806
22.927
23.047
23.168
23.289
23.41
23.53
23.651
23.772
23.893
24.013
24.134
24.255
24.376
24.496
24.617
14.599
14.599
14.598
14.597
14.58
14.49
14.404
14.321
14.242
14.166
14.093
14.024
14.021
14.061
14.099
14.137
14.173
14.209
14.243
14.276
14.309
14.34
14.37
14.4
14.428
14.455
14.482
14.507
14.523
14.532
14.541
14.538
14.486
14.438
14.393
14.352
14.314
14.28
14.25
14.223
14.199
14.179
14.162
14.149
14.14
14.134
14.132
14.133
14.137
14.145
14.157
14.172
14.191
14.213
14.239
14.268
14.301
14.337
14.377
14.42
14.467
14.517
14.571
14.629
14.69
14.754
14.822
14.876
14.919
14.914
14.893
14.947
15.068
15.19
15.315
15.441
15.57
15.699
15.831
15.965
16.1
16.237
16.376
16.507
16.627
16.748
16.869
16.99
17.11
17.231
17.352
17.473
17.593
17.714
17.835
17.956
18.076
18.197
18.318
18.439
18.559
18.68
18.801
18.922
19.042
19.163
19.284
19.404
19.525
19.646
19.767
19.887
20.008
20.129
20.25
20.37
20.491
20.612
20.733
20.853
20.974
21.095
21.216
21.336
21.457
21.578
21.699
21.819
21.94
22.061
22.182
22.302
22.423
22.544
22.665
22.785
22.906
23.027
23.148
23.268
23.389
23.51
23.631
23.751
23.872
23.993
24.114
24.234
24.355
24.476
24.597
24.717
14.573
14.572
14.572
14.571
14.57
14.54
14.455
14.372
14.293
14.218
14.146
14.077
14.011
14.026
14.064
14.102
14.138
14.173
14.207
14.24
14.272
14.304
14.334
14.363
14.391
14.418
14.444
14.469
14.493
14.506
14.515
14.524
14.499
14.453
14.41
14.371
14.335
14.302
14.274
14.248
14.227
14.209
14.194
14.183
14.175
14.171
14.17
14.173
14.18
14.19
14.203
14.22
14.241
14.265
14.292
14.323
14.358
14.396
14.438
14.483
14.531
14.584
14.639
14.699
14.761
14.808
14.879
14.888
14.886
14.866
14.907
15.026
15.147
15.27
15.394
15.52
15.648
15.778
15.91
16.043
16.178
16.315
16.454
16.594
16.727
16.848
16.969
17.09
17.21
17.331
17.452
17.573
17.693
17.814
17.935
18.056
18.176
18.297
18.418
18.539
18.659
18.78
18.901
19.022
19.142
19.263
19.384
19.505
19.625
19.746
19.867
19.988
20.108
20.229
20.35
20.471
20.591
20.712
20.833
20.954
21.074
21.195
21.316
21.437
21.557
21.678
21.799
21.92
22.04
22.161
22.282
22.403
22.523
22.644
22.765
22.886
23.006
23.127
23.248
23.369
23.489
23.61
23.731
23.852
23.972
24.093
24.214
24.335
24.455
24.576
24.697
24.818
14.547
14.546
14.545
14.545
14.544
14.543
14.502
14.42
14.341
14.266
14.195
14.126
14.061
14.003
14.03
14.067
14.103
14.138
14.172
14.205
14.237
14.268
14.298
14.327
14.355
14.382
14.408
14.433
14.457
14.479
14.49
14.498
14.507
14.464
14.423
14.386
14.352
14.321
14.294
14.271
14.251
14.235
14.222
14.212
14.207
14.204
14.205
14.21
14.218
14.23
14.246
14.264
14.287
14.313
14.342
14.375
14.411
14.451
14.495
14.542
14.592
14.646
14.704
14.778
14.837
14.847
14.857
14.858
14.838
14.868
14.985
15.104
15.224
15.347
15.471
15.597
15.725
15.855
15.986
16.119
16.254
16.391
16.53
16.67
16.812
16.948
17.069
17.19
17.311
17.431
17.552
17.673
17.794
17.914
18.035
18.156
18.277
18.397
18.518
18.639
18.76
18.88
19.001
19.122
19.243
19.363
19.484
19.605
19.726
19.846
19.967
20.088
20.209
20.329
20.45
20.571
20.692
20.812
20.933
21.054
21.175
21.295
21.416
21.537
21.658
21.778
21.899
22.02
22.141
22.261
22.382
22.503
22.624
22.744
22.865
22.986
23.107
23.227
23.348
23.469
23.59
23.71
23.831
23.952
24.073
24.193
24.314
24.435
24.556
24.676
24.797
24.918
14.521
14.52
14.519
14.519
14.518
14.517
14.516
14.464
14.386
14.312
14.241
14.173
14.108
14.047
14.004
14.034
14.07
14.105
14.138
14.171
14.203
14.234
14.263
14.292
14.32
14.347
14.372
14.397
14.421
14.443
14.464
14.473
14.482
14.472
14.433
14.397
14.365
14.336
14.311
14.29
14.272
14.257
14.246
14.239
14.235
14.234
14.237
14.244
14.254
14.267
14.285
14.305
14.329
14.357
14.388
14.423
14.461
14.503
14.548
14.597
14.65
14.705
14.785
14.806
14.816
14.826
14.83
14.81
14.829
14.944
15.061
15.18
15.3
15.422
15.547
15.672
15.8
15.93
16.061
16.194
16.329
16.465
16.604
16.744
16.886
17.03
17.169
17.29
17.411
17.532
17.652
17.773
17.894
18.015
18.135
18.256
18.377
18.498
18.618
18.739
18.86
18.981
19.101
19.222
19.343
19.464
19.584
19.705
19.826
19.947
20.067
20.188
20.309
20.43
20.55
20.671
20.792
20.913
21.033
21.154
21.275
21.396
21.516
21.637
21.758
21.879
21.999
22.12
22.241
22.362
22.482
22.603
22.724
22.845
22.965
23.086
23.207
23.328
23.448
23.569
23.69
23.811
23.931
24.052
24.173
24.294
24.414
24.535
24.656
24.777
24.897
25.018
14.495
14.494
14.493
14.492
14.492
14.491
14.49
14.489
14.428
14.354
14.283
14.216
14.152
14.091
14.034
14.004
14.037
14.072
14.106
14.138
14.17
14.2
14.23
14.258
14.286
14.312
14.338
14.362
14.386
14.408
14.43
14.447
14.456
14.465
14.439
14.405
14.375
14.348
14.325
14.305
14.289
14.276
14.267
14.261
14.259
14.26
14.265
14.274
14.286
14.301
14.32
14.343
14.369
14.398
14.431
14.468
14.508
14.551
14.598
14.649
14.723
14.755
14.774
14.785
14.795
14.802
14.782
14.79
14.903
15.018
15.135
15.254
15.374
15.496
15.62
15.746
15.873
16.003
16.134
16.267
16.401
16.538
16.676
16.816
16.958
17.102
17.247
17.39
17.511
17.632
17.753
17.873
17.994
18.115
18.236
18.356
18.477
18.598
18.719
18.839
18.96
19.081
19.202
19.322
19.443
19.564
19.685
19.805
19.926
20.047
20.168
20.288
20.409
20.53
20.651
20.771
20.892
21.013
21.134
21.254
21.375
21.496
21.617
21.737
21.858
21.979
22.1
22.22
22.341
22.462
22.583
22.703
22.824
22.945
23.066
23.186
23.307
23.428
23.549
23.669
23.79
23.911
24.032
24.152
24.273
24.394
24.515
24.635
24.756
24.877
24.998
25.118
14.469
14.468
14.467
14.466
14.465
14.465
14.464
14.463
14.462
14.393
14.322
14.256
14.192
14.132
14.075
14.022
14.006
14.04
14.074
14.106
14.138
14.168
14.197
14.226
14.253
14.279
14.304
14.329
14.352
14.374
14.396
14.416
14.431
14.439
14.442
14.41
14.381
14.356
14.335
14.317
14.303
14.292
14.284
14.28
14.28
14.283
14.29
14.3
14.314
14.331
14.352
14.376
14.404
14.436
14.47
14.509
14.551
14.596
14.655
14.702
14.722
14.741
14.754
14.763
14.773
14.754
14.751
14.863
14.976
15.091
15.207
15.326
15.446
15.568
15.692
15.818
15.945
16.074
16.205
16.338
16.472
16.609
16.747
16.887
17.028
17.172
17.317
17.464
17.611
17.732
17.853
17.974
18.094
18.215
18.336
18.457
18.577
18.698
18.819
18.94
19.06
19.181
19.302
19.423
19.543
19.664
19.785
19.906
20.026
20.147
20.268
20.389
20.509
20.63
20.751
20.872
20.992
21.113
21.234
21.355
21.475
21.596
21.717
21.838
21.958
22.079
22.2
22.321
22.441
22.562
22.683
22.804
22.924
23.045
23.166
23.287
23.407
23.528
23.649
23.77
23.89
24.011
24.132
24.253
24.373
24.494
24.615
24.736
24.856
24.977
25.098
25.219
14.443
14.442
14.441
14.44
14.439
14.439
14.438
14.437
14.436
14.428
14.358
14.292
14.229
14.17
14.114
14.061
14.011
14.01
14.043
14.075
14.106
14.136
14.166
14.194
14.221
14.247
14.272
14.296
14.319
14.341
14.362
14.382
14.401
14.414
14.423
14.411
14.384
14.361
14.341
14.325
14.313
14.304
14.298
14.296
14.298
14.303
14.311
14.323
14.339
14.358
14.38
14.407
14.436
14.469
14.506
14.546
14.59
14.65
14.669
14.689
14.708
14.723
14.732
14.742
14.727
14.713
14.823
14.934
15.047
15.162
15.278
15.396
15.516
15.638
15.762
15.887
16.015
16.144
16.275
16.407
16.542
16.678
16.816
16.955
17.097
17.24
17.385
17.532
17.681
17.831
17.953
18.074
18.195
18.315
18.436
18.557
18.678
18.798
18.919
19.04
19.161
19.281
19.402
19.523
19.644
19.764
19.885
20.006
20.127
20.247
20.368
20.489
20.61
20.73
20.851
20.972
21.093
21.213
21.334
21.455
21.576
21.696
21.817
21.938
22.059
22.179
22.3
22.421
22.542
22.662
22.783
22.904
23.025
23.145
23.266
23.387
23.507
23.628
23.749
23.87
23.99
24.111
24.232
24.353
24.473
24.594
24.715
24.836
24.956
25.077
25.198
25.319
14.417
14.416
14.415
14.414
14.413
14.412
14.412
14.411
14.41
14.409
14.391
14.325
14.263
14.204
14.148
14.096
14.047
14.001
14.013
14.045
14.076
14.106
14.135
14.163
14.19
14.216
14.241
14.265
14.287
14.309
14.33
14.35
14.369
14.387
14.397
14.406
14.384
14.362
14.344
14.33
14.319
14.312
14.308
14.308
14.312
14.318
14.329
14.343
14.36
14.381
14.405
14.433
14.465
14.5
14.538
14.602
14.617
14.636
14.656
14.676
14.691
14.701
14.711
14.699
14.679
14.783
14.892
15.003
15.116
15.231
15.347
15.465
15.585
15.707
15.83
15.956
16.083
16.212
16.342
16.475
16.609
16.745
16.883
17.022
17.164
17.307
17.452
17.599
17.747
17.897
18.05
18.174
18.295
18.416
18.536
18.657
18.778
18.899
19.019
19.14
19.261
19.382
19.502
19.623
19.744
19.865
19.985
20.106
20.227
20.348
20.468
20.589
20.71
20.83
20.951
21.072
21.193
21.313
21.434
21.555
21.676
21.796
21.917
22.038
22.159
22.279
22.4
22.521
22.642
22.762
22.883
23.004
23.125
23.245
23.366
23.487
23.608
23.728
23.849
23.97
24.091
24.211
24.332
24.453
24.574
24.694
24.815
24.936
25.057
25.177
25.298
25.419
14.391
14.39
14.389
14.388
14.387
14.386
14.385
14.385
14.384
14.383
14.382
14.355
14.294
14.235
14.18
14.128
14.08
14.035
13.993
14.016
14.047
14.077
14.105
14.133
14.16
14.186
14.21
14.234
14.257
14.278
14.299
14.319
14.337
14.355
14.372
14.381
14.379
14.36
14.344
14.331
14.323
14.317
14.315
14.317
14.322
14.331
14.343
14.359
14.378
14.401
14.427
14.457
14.49
14.531
14.566
14.584
14.603
14.623
14.643
14.66
14.67
14.68
14.671
14.651
14.743
14.851
14.96
15.071
15.183
15.298
15.414
15.532
15.652
15.773
15.897
16.022
16.149
16.278
16.408
16.54
16.675
16.81
16.948
17.088
17.229
17.372
17.517
17.663
17.812
17.962
18.114
18.267
18.395
18.516
18.636
18.757
18.878
18.999
19.119
19.24
19.361
19.482
19.602
19.723
19.844
19.965
20.085
20.206
20.327
20.448
20.568
20.689
20.81
20.931
21.051
21.172
21.293
21.414
21.534
21.655
21.776
21.897
22.017
22.138
22.259
22.38
22.5
22.621
22.742
22.863
22.983
23.104
23.225
23.346
23.466
23.587
23.708
23.829
23.949
24.07
24.191
24.312
24.432
24.553
24.674
24.795
24.915
25.036
25.157
25.278
25.398
25.519
14.365
14.364
14.363
14.362
14.361
14.36
14.359
14.359
14.358
14.357
14.356
14.355
14.321
14.263
14.208
14.157
14.109
14.065
14.023
13.992
14.019
14.048
14.077
14.104
14.131
14.156
14.181
14.204
14.227
14.248
14.269
14.288
14.307
14.324
14.341
14.355
14.364
14.354
14.34
14.329
14.322
14.319
14.318
14.322
14.329
14.339
14.353
14.371
14.392
14.417
14.445
14.476
14.518
14.532
14.551
14.57
14.59
14.61
14.629
14.639
14.648
14.643
14.623
14.704
14.809
14.917
15.026
15.136
15.249
15.363
15.479
15.597
15.717
15.838
15.961
16.086
16.213
16.342
16.472
16.604
16.738
16.874
17.012
17.151
17.292
17.435
17.579
17.726
17.874
18.024
18.176
18.33
18.485
18.616
18.737
18.857
18.978
19.099
19.22
19.34
19.461
19.582
19.703
19.823
19.944
20.065
20.186
20.306
20.427
20.548
20.669
20.789
20.91
21.031
21.152
21.272
21.393
21.514
21.635
21.755
21.876
21.997
22.118
22.238
22.359
22.48
22.601
22.721
22.842
22.963
23.084
23.204
23.325
23.446
23.567
23.687
23.808
23.929
24.05
24.17
24.291
24.412
24.533
24.653
24.774
24.895
25.016
25.136
25.257
25.378
25.499
25.619
14.338
14.338
14.337
14.336
14.335
14.334
14.333
14.332
14.332
14.331
14.33
14.329
14.328
14.287
14.233
14.182
14.135
14.091
14.05
14.013
13.992
14.021
14.049
14.077
14.103
14.128
14.153
14.176
14.198
14.219
14.24
14.259
14.277
14.294
14.311
14.326
14.338
14.345
14.332
14.323
14.318
14.316
14.318
14.324
14.332
14.345
14.36
14.38
14.403
14.429
14.474
14.482
14.499
14.518
14.537
14.557
14.577
14.597
14.608
14.617
14.616
14.595
14.665
14.769
14.874
14.981
15.09
15.2
15.313
15.427
15.543
15.66
15.78
15.901
16.024
16.149
16.276
16.404
16.534
16.666
16.8
16.936
17.073
17.212
17.353
17.496
17.641
17.787
17.935
18.085
18.237
18.39
18.545
18.702
18.837
18.958
19.078
19.199
19.32
19.441
19.561
19.682
19.803
19.924
20.044
20.165
20.286
20.407
20.527
20.648
20.769
20.89
21.01
21.131
21.252
21.373
21.493
21.614
21.735
21.856
21.976
22.097
22.218
22.339
22.459
22.58
22.701
22.822
22.942
23.063
23.184
23.305
23.425
23.546
23.667
23.788
23.908
24.029
24.15
24.271
24.391
24.512
24.633
24.754
24.874
24.995
25.116
25.237
25.357
25.478
25.599
25.72
14.312
14.311
14.311
14.31
14.309
14.308
14.307
14.306
14.305
14.305
14.304
14.303
14.302
14.301
14.255
14.205
14.158
14.114
14.074
14.037
14.004
13.995
14.023
14.05
14.076
14.101
14.125
14.148
14.17
14.191
14.212
14.231
14.249
14.266
14.282
14.297
14.311
14.322
14.321
14.314
14.311
14.311
14.314
14.322
14.332
14.346
14.364
14.385
14.41
14.435
14.449
14.465
14.485
14.505
14.524
14.544
14.564
14.576
14.586
14.588
14.568
14.627
14.728
14.831
14.936
15.043
15.152
15.262
15.375
15.489
15.604
15.722
15.841
15.962
16.085
16.21
16.337
16.465
16.595
16.727
16.861
16.996
17.133
17.272
17.413
17.556
17.7
17.846
17.994
18.144
18.295
18.449
18.604
18.761
18.919
19.058
19.179
19.299
19.42
19.541
19.662
19.782
19.903
20.024
20.145
20.265
20.386
20.507
20.628
20.748
20.869
20.99
21.111
21.231
21.352
21.473
21.594
21.714
21.835
21.956
22.077
22.197
22.318
22.439
22.56
22.68
22.801
22.922
23.043
23.163
23.284
23.405
23.526
23.646
23.767
23.888
24.009
24.129
24.25
24.371
24.492
24.612
24.733
24.854
24.975
25.095
25.216
25.337
25.458
25.578
25.699
25.82
14.286
14.285
14.285
14.284
14.283
14.282
14.281
14.28
14.279
14.279
14.278
14.277
14.276
14.275
14.273
14.223
14.177
14.134
14.095
14.058
14.025
13.996
13.997
14.024
14.05
14.075
14.099
14.122
14.144
14.165
14.184
14.203
14.221
14.238
14.254
14.269
14.282
14.295
14.305
14.301
14.3
14.302
14.307
14.316
14.329
14.345
14.364
14.391
14.399
14.415
14.432
14.452
14.472
14.492
14.511
14.531
14.545
14.555
14.56
14.54
14.588
14.688
14.789
14.892
14.997
15.104
15.212
15.323
15.435
15.549
15.664
15.782
15.901
16.022
16.145
16.269
16.396
16.524
16.654
16.785
16.919
17.054
17.191
17.33
17.471
17.613
17.757
17.904
18.051
18.201
18.352
18.505
18.66
18.817
18.976
19.136
19.279
19.4
19.52
19.641
19.762
19.883
20.003
20.124
20.245
20.366
20.486
20.607
20.728
20.849
20.969
21.09
21.211
21.332
21.452
21.573
21.694
21.815
21.935
22.056
22.177
22.298
22.418
22.539
22.66
22.781
22.901
23.022
23.143
23.264
23.384
23.505
23.626
23.747
23.867
23.988
24.109
24.23
24.35
24.471
24.592
24.713
24.833
24.954
25.075
25.196
25.316
25.437
25.558
25.679
25.799
25.92
14.26
14.259
14.258
14.258
14.257
14.256
14.255
14.254
14.253
14.252
14.252
14.251
14.25
14.249
14.248
14.239
14.193
14.151
14.112
14.076
14.044
14.015
13.989
13.999
14.025
14.05
14.074
14.096
14.118
14.139
14.158
14.177
14.195
14.211
14.227
14.241
14.255
14.268
14.279
14.285
14.285
14.289
14.296
14.307
14.321
14.346
14.351
14.366
14.383
14.4
14.419
14.439
14.459
14.478
14.498
14.514
14.524
14.532
14.512
14.55
14.648
14.747
14.848
14.951
15.056
15.163
15.271
15.381
15.493
15.607
15.722
15.84
15.959
16.08
16.202
16.327
16.453
16.581
16.711
16.842
16.976
17.111
17.248
17.386
17.527
17.669
17.813
17.959
18.107
18.256
18.407
18.56
18.715
18.872
19.03
19.19
19.352
19.5
19.621
19.741
19.862
19.983
20.104
20.224
20.345
20.466
20.587
20.707
20.828
20.949
21.07
21.19
21.311
21.432
21.553
21.673
21.794
21.915
22.036
22.156
22.277
22.398
22.519
22.639
22.76
22.881
23.002
23.122
23.243
23.364
23.485
23.605
23.726
23.847
23.968
24.088
24.209
24.33
24.451
24.571
24.692
24.813
24.933
25.054
25.175
25.296
25.416
25.537
25.658
25.779
25.899
26.02
14.234
14.233
14.232
14.231
14.231
14.23
14.229
14.228
14.227
14.226
14.225
14.225
14.224
14.223
14.222
14.221
14.206
14.164
14.126
14.09
14.059
14.03
14.005
13.983
14.001
14.026
14.049
14.072
14.093
14.114
14.133
14.152
14.169
14.185
14.201
14.215
14.229
14.241
14.252
14.263
14.267
14.273
14.282
14.295
14.307
14.317
14.333
14.35
14.367
14.386
14.406
14.426
14.446
14.465
14.483
14.493
14.502
14.484
14.512
14.608
14.706
14.805
14.906
15.009
15.113
15.22
15.328
15.438
15.55
15.663
15.779
15.896
16.015
16.135
16.258
16.382
16.508
16.636
16.766
16.897
17.03
17.165
17.302
17.441
17.581
17.723
17.867
18.013
18.16
18.31
18.461
18.614
18.768
18.925
19.083
19.243
19.405
19.568
19.721
19.842
19.962
20.083
20.204
20.325
20.445
20.566
20.687
20.808
20.928
21.049
21.17
21.291
21.411
21.532
21.653
21.774
21.894
22.015
22.136
22.257
22.377
22.498
22.619
22.739
22.86
22.981
23.102
23.222
23.343
23.464
23.585
23.705
23.826
23.947
24.068
24.188
24.309
24.43
24.551
24.671
24.792
24.913
25.034
25.154
25.275
25.396
25.517
25.637
25.758
25.879
26
26.12
14.208
14.207
14.206
14.205
14.205
14.204
14.203
14.202
14.201
14.2
14.199
14.199
14.198
14.197
14.196
14.195
14.194
14.174
14.136
14.102
14.07
14.042
14.018
13.996
13.98
14.003
14.026
14.048
14.07
14.09
14.109
14.127
14.145
14.161
14.176
14.19
14.203
14.216
14.227
14.237
14.246
14.253
14.264
14.272
14.285
14.301
14.317
14.334
14.353
14.373
14.393
14.413
14.433
14.452
14.461
14.471
14.457
14.475
14.569
14.664
14.762
14.861
14.962
15.064
15.169
15.275
15.383
15.493
15.605
15.718
15.833
15.95
16.069
16.19
16.312
16.436
16.562
16.69
16.819
16.95
17.084
17.218
17.355
17.493
17.634
17.776
17.919
18.065
18.212
18.361
18.512
18.665
18.82
18.976
19.134
19.294
19.455
19.619
19.784
19.942
20.062
20.183
20.304
20.425
20.545
20.666
20.787
20.908
21.028
21.149
21.27
21.391
21.511
21.632
21.753
21.874
21.994
22.115
22.236
22.357
22.477
22.598
22.719
22.84
22.96
23.081
23.202
23.323
23.443
23.564
23.685
23.806
23.926
24.047
24.168
24.289
24.409
24.53
24.651
24.772
24.892
25.013
25.134
25.255
25.375
25.496
25.617
25.738
25.858
25.979
26.1
26.221
14.182
14.181
14.18
14.179
14.178
14.178
14.177
14.176
14.175
14.174
14.173
14.172
14.172
14.171
14.17
14.169
14.168
14.167
14.143
14.109
14.079
14.051
14.027
14.006
13.989
13.981
14.004
14.026
14.047
14.067
14.086
14.104
14.121
14.137
14.152
14.166
14.179
14.191
14.202
14.212
14.221
14.229
14.24
14.253
14.268
14.285
14.302
14.32
14.34
14.36
14.38
14.4
14.419
14.43
14.44
14.429
14.438
14.53
14.623
14.719
14.816
14.915
15.016
15.118
15.222
15.329
15.436
15.546
15.658
15.771
15.886
16.003
16.121
16.242
16.364
16.488
16.614
16.741
16.871
17.002
17.135
17.27
17.406
17.544
17.684
17.826
17.97
18.115
18.262
18.411
18.562
18.715
18.869
19.025
19.183
19.343
19.504
19.668
19.833
20
20.163
20.283
20.404
20.525
20.646
20.766
20.887
21.008
21.129
21.249
21.37
21.491
21.612
21.732
21.853
21.974
22.095
22.215
22.336
22.457
22.578
22.698
22.819
22.94
23.061
23.181
23.302
23.423
23.544
23.664
23.785
23.906
24.027
24.147
24.268
24.389
24.51
24.63
24.751
24.872
24.993
25.113
25.234
25.355
25.476
25.596
25.717
25.838
25.959
26.079
26.2
26.321
14.126
14.14
14.154
14.153
14.152
14.151
14.151
14.15
14.149
14.148
14.147
14.146
14.145
14.145
14.144
14.143
14.142
14.141
14.14
14.114
14.084
14.057
14.033
14.013
13.996
13.982
13.982
14.004
14.025
14.045
14.064
14.082
14.099
14.114
14.129
14.143
14.156
14.168
14.178
14.186
14.195
14.208
14.222
14.235
14.252
14.269
14.286
14.307
14.327
14.347
14.367
14.387
14.399
14.409
14.401
14.401
14.491
14.582
14.676
14.771
14.868
14.967
15.068
15.17
15.274
15.38
15.488
15.598
15.709
15.822
15.937
16.054
16.172
16.292
16.414
16.538
16.664
16.791
16.921
17.052
17.184
17.319
17.455
17.593
17.733
17.875
18.018
18.164
18.311
18.46
18.61
18.763
18.917
19.073
19.231
19.39
19.552
19.715
19.88
20.046
20.215
20.384
20.504
20.625
20.746
20.867
20.987
21.108
21.229
21.35
21.47
21.591
21.712
21.833
21.953
22.074
22.195
22.316
22.436
22.557
22.678
22.799
22.919
23.04
23.161
23.282
23.402
23.523
23.644
23.765
23.885
24.006
24.127
24.248
24.368
24.489
24.61
24.731
24.851
24.972
25.093
25.214
25.334
25.455
25.576
25.697
25.817
25.938
26.059
26.18
26.3
26.421
14.064
14.079
14.094
14.108
14.12
14.125
14.125
14.124
14.123
14.122
14.121
14.12
14.119
14.119
14.118
14.117
14.116
14.115
14.114
14.113
14.085
14.059
14.036
14.016
14
13.987
13.977
13.984
14.004
14.024
14.043
14.06
14.077
14.093
14.107
14.121
14.134
14.145
14.152
14.164
14.177
14.19
14.203
14.219
14.236
14.253
14.275
14.294
14.314
14.334
14.354
14.368
14.378
14.373
14.364
14.452
14.542
14.634
14.727
14.822
14.919
15.018
15.118
15.22
15.324
15.43
15.538
15.647
15.758
15.871
15.986
16.103
16.221
16.341
16.463
16.587
16.712
16.839
16.969
17.099
17.232
17.366
17.503
17.641
17.78
17.922
18.065
18.21
18.357
18.506
18.656
18.809
18.963
19.119
19.276
19.436
19.597
19.76
19.925
20.091
20.26
20.43
20.602
20.725
20.846
20.967
21.088
21.208
21.329
21.45
21.571
21.691
21.812
21.933
22.054
22.174
22.295
22.416
22.537
22.657
22.778
22.899
23.02
23.14
23.261
23.382
23.503
23.623
23.744
23.865
23.986
24.106
24.227
24.348
24.469
24.589
24.71
24.831
24.952
25.072
25.193
25.314
25.435
25.555
25.676
25.797
25.918
26.038
26.159
26.28
26.401
26.521
14.003
14.019
14.035
14.05
14.063
14.076
14.088
14.098
14.097
14.096
14.095
14.094
14.093
14.092
14.092
14.091
14.09
14.089
14.088
14.087
14.084
14.058
14.036
14.016
14.001
13.988
13.979
13.973
13.985
14.004
14.023
14.04
14.057
14.072
14.086
14.1
14.112
14.119
14.132
14.145
14.158
14.172
14.187
14.204
14.221
14.241
14.262
14.281
14.301
14.321
14.337
14.346
14.345
14.328
14.414
14.502
14.591
14.683
14.776
14.871
14.968
15.066
15.167
15.269
15.373
15.478
15.586
15.695
15.806
15.919
16.034
16.15
16.268
16.388
16.51
16.633
16.759
16.886
17.015
17.145
17.278
17.412
17.548
17.686
17.826
17.967
18.11
18.255
18.402
18.551
18.701
18.853
19.007
19.163
19.32
19.479
19.641
19.803
19.968
20.134
20.303
20.473
20.644
20.818
20.946
21.067
21.188
21.309
21.429
21.55
21.671
21.792
21.912
22.033
22.154
22.275
22.395
22.516
22.637
22.758
22.878
22.999
23.12
23.241
23.361
23.482
23.603
23.724
23.844
23.965
24.086
24.207
24.327
24.448
24.569
24.69
24.81
24.931
25.052
25.173
25.293
25.414
25.535
25.656
25.776
25.897
26.018
26.139
26.259
26.38
26.501
26.622
13.943
13.96
13.977
13.992
14.007
14.021
14.033
14.045
14.056
14.066
14.069
14.068
14.067
14.066
14.065
14.065
14.064
14.063
14.062
14.061
14.06
14.054
14.032
14.013
13.998
13.986
13.977
13.972
13.97
13.985
14.004
14.021
14.037
14.052
14.067
14.08
14.087
14.1
14.113
14.127
14.14
14.154
14.171
14.188
14.208
14.229
14.248
14.268
14.288
14.306
14.315
14.318
14.297
14.376
14.462
14.55
14.639
14.73
14.823
14.918
15.015
15.113
15.213
15.315
15.419
15.525
15.632
15.741
15.852
15.965
16.079
16.195
16.313
16.433
16.555
16.678
16.803
16.93
17.059
17.19
17.322
17.456
17.592
17.73
17.869
18.011
18.154
18.298
18.445
18.593
18.744
18.896
19.049
19.205
19.362
19.521
19.682
19.845
20.009
20.176
20.344
20.514
20.685
20.859
21.034
21.167
21.288
21.409
21.53
21.65
21.771
21.892
22.013
22.133
22.254
22.375
22.496
22.616
22.737
22.858
22.979
23.099
23.22
23.341
23.462
23.582
23.703
23.824
23.945
24.065
24.186
24.307
24.428
24.548
24.669
24.79
24.911
25.031
25.152
25.273
25.394
25.514
25.635
25.756
25.877
25.997
26.118
26.239
26.36
26.48
26.601
26.722
13.884
13.902
13.92
13.936
13.952
13.966
13.98
13.993
14.005
14.015
14.025
14.034
14.041
14.04
14.039
14.039
14.038
14.037
14.036
14.035
14.034
14.033
14.025
14.007
13.992
13.98
13.972
13.968
13.966
13.968
13.986
14.003
14.019
14.034
14.044
14.055
14.068
14.082
14.095
14.108
14.121
14.138
14.155
14.174
14.196
14.216
14.235
14.255
14.274
14.284
14.29
14.27
14.339
14.422
14.508
14.596
14.685
14.776
14.869
14.964
15.06
15.158
15.258
15.36
15.464
15.569
15.676
15.785
15.896
16.009
16.123
16.239
16.357
16.477
16.598
16.721
16.846
16.973
17.102
17.232
17.364
17.498
17.634
17.772
17.911
18.052
18.195
18.34
18.486
18.634
18.785
18.936
19.09
19.245
19.403
19.562
19.722
19.885
20.049
20.215
20.383
20.553
20.724
20.898
21.073
21.25
21.388
21.509
21.63
21.751
21.871
21.992
22.113
22.234
22.354
22.475
22.596
22.717
22.837
22.958
23.079
23.2
23.32
23.441
23.562
23.683
23.803
23.924
24.045
24.165
24.286
24.407
24.528
24.648
24.769
24.89
25.011
25.131
25.252
25.373
25.494
25.614
25.735
25.856
25.977
26.097
26.218
26.339
26.46
26.58
26.701
26.822
13.826
13.845
13.864
13.881
13.898
13.913
13.928
13.942
13.954
13.966
13.977
13.987
13.996
14.004
14.011
14.012
14.012
14.011
14.01
14.009
14.008
14.007
14.006
13.997
13.983
13.972
13.964
13.96
13.959
13.962
13.969
13.985
14.001
14.013
14.025
14.037
14.05
14.063
14.076
14.09
14.106
14.123
14.141
14.163
14.183
14.203
14.222
14.242
14.253
14.262
14.242
14.301
14.383
14.467
14.553
14.64
14.729
14.82
14.913
15.007
15.104
15.202
15.302
15.403
15.507
15.612
15.719
15.828
15.938
16.051
16.165
16.281
16.399
16.518
16.64
16.763
16.888
17.014
17.143
17.273
17.405
17.539
17.674
17.812
17.951
18.092
18.235
18.379
18.526
18.674
18.824
18.975
19.129
19.284
19.441
19.6
19.761
19.923
20.087
20.253
20.421
20.59
20.762
20.935
21.11
21.286
21.465
21.609
21.73
21.851
21.971
22.092
22.213
22.334
22.454
22.575
22.696
22.817
22.937
23.058
23.179
23.3
23.42
23.541
23.662
23.783
23.903
24.024
24.145
24.266
24.386
24.507
24.628
24.749
24.869
24.99
25.111
25.232
25.352
25.473
25.594
25.715
25.835
25.956
26.077
26.198
26.318
26.439
26.56
26.681
26.801
26.922
13.768
13.789
13.808
13.827
13.844
13.861
13.877
13.891
13.905
13.918
13.93
13.941
13.95
13.959
13.967
13.975
13.981
13.985
13.984
13.983
13.982
13.981
13.98
13.98
13.97
13.96
13.953
13.949
13.949
13.952
13.958
13.969
13.983
13.996
14.005
14.018
14.032
14.045
14.058
14.073
14.09
14.108
14.129
14.15
14.17
14.189
14.209
14.222
14.231
14.214
14.264
14.344
14.426
14.51
14.595
14.682
14.771
14.862
14.955
15.049
15.145
15.243
15.343
15.445
15.548
15.653
15.76
15.869
15.979
16.091
16.205
16.321
16.439
16.558
16.679
16.802
16.927
17.053
17.182
17.312
17.444
17.577
17.713
17.85
17.989
18.13
18.273
18.417
18.563
18.711
18.861
19.012
19.166
19.321
19.478
19.636
19.797
19.959
20.123
20.289
20.457
20.626
20.797
20.97
21.145
21.322
21.5
21.68
21.83
21.951
22.072
22.192
22.313
22.434
22.555
22.675
22.796
22.917
23.038
23.158
23.279
23.4
23.521
23.641
23.762
23.883
24.004
24.124
24.245
24.366
24.487
24.607
24.728
24.849
24.97
25.09
25.211
25.332
25.453
25.573
25.694
25.815
25.936
26.056
26.177
26.298
26.419
26.539
26.66
26.781
26.902
27.022
13.712
13.734
13.754
13.774
13.792
13.81
13.826
13.842
13.857
13.87
13.883
13.895
13.906
13.916
13.925
13.933
13.94
13.946
13.951
13.956
13.956
13.955
13.954
13.953
13.953
13.944
13.938
13.935
13.935
13.939
13.945
13.953
13.966
13.974
13.987
14
14.013
14.026
14.04
14.057
14.074
14.096
14.117
14.137
14.157
14.176
14.191
14.2
14.186
14.227
14.306
14.385
14.467
14.551
14.636
14.723
14.812
14.903
14.995
15.089
15.185
15.283
15.383
15.484
15.587
15.692
15.799
15.907
16.018
16.13
16.244
16.359
16.477
16.596
16.717
16.84
16.965
17.091
17.219
17.349
17.481
17.614
17.75
17.887
18.026
18.166
18.309
18.453
18.599
18.747
18.896
19.048
19.201
19.356
19.513
19.671
19.832
19.994
20.158
20.323
20.491
20.66
20.831
21.004
21.178
21.355
21.533
21.713
21.895
22.051
22.172
22.293
22.413
22.534
22.655
22.776
22.896
23.017
23.138
23.259
23.379
23.5
23.621
23.742
23.862
23.983
24.104
24.225
24.345
24.466
24.587
24.708
24.828
24.949
25.07
25.191
25.311
25.432
25.553
25.674
25.794
25.915
26.036
26.157
26.277
26.398
26.519
26.64
26.76
26.881
27.002
27.123
13.657
13.679
13.701
13.721
13.741
13.759
13.777
13.794
13.809
13.824
13.838
13.851
13.863
13.873
13.883
13.892
13.901
13.908
13.914
13.919
13.923
13.927
13.928
13.927
13.926
13.925
13.92
13.917
13.918
13.922
13.922
13.936
13.945
13.955
13.968
13.981
13.995
14.008
14.025
14.042
14.062
14.084
14.104
14.124
14.144
14.159
14.169
14.159
14.191
14.267
14.345
14.425
14.507
14.59
14.675
14.762
14.851
14.941
15.034
15.128
15.223
15.321
15.421
15.522
15.625
15.73
15.836
15.945
16.055
16.167
16.28
16.396
16.513
16.632
16.753
16.876
17
17.127
17.255
17.384
17.516
17.649
17.785
17.921
18.06
18.201
18.343
18.487
18.633
18.781
18.93
19.081
19.234
19.389
19.546
19.704
19.864
20.026
20.19
20.356
20.523
20.692
20.863
21.036
21.21
21.386
21.564
21.744
21.926
22.109
22.272
22.393
22.514
22.634
22.755
22.876
22.997
23.117
23.238
23.359
23.48
23.6
23.721
23.842
23.963
24.083
24.204
24.325
24.446
24.566
24.687
24.808
24.929
25.049
25.17
25.291
25.412
25.532
25.653
25.774
25.895
26.015
26.136
26.257
26.378
26.498
26.619
26.74
26.861
26.981
27.102
27.223
13.603
13.626
13.648
13.67
13.69
13.71
13.728
13.746
13.763
13.779
13.793
13.807
13.82
13.832
13.843
13.853
13.862
13.87
13.877
13.883
13.889
13.893
13.896
13.899
13.9
13.9
13.898
13.896
13.897
13.896
13.905
13.916
13.924
13.936
13.95
13.963
13.976
13.992
14.009
14.029
14.051
14.071
14.091
14.111
14.128
14.138
14.131
14.155
14.229
14.305
14.383
14.463
14.544
14.627
14.712
14.799
14.888
14.978
15.07
15.164
15.26
15.357
15.457
15.558
15.661
15.765
15.872
15.98
16.09
16.202
16.315
16.431
16.548
16.667
16.788
16.91
17.034
17.16
17.288
17.418
17.549
17.683
17.818
17.954
18.093
18.233
18.376
18.52
18.665
18.813
18.962
19.113
19.266
19.421
19.577
19.735
19.896
20.057
20.221
20.386
20.553
20.722
20.893
21.066
21.24
21.416
21.594
21.774
21.955
22.138
22.323
22.493
22.614
22.735
22.855
22.976
23.097
23.218
23.338
23.459
23.58
23.701
23.821
23.942
24.063
24.184
24.304
24.425
24.546
24.667
24.787
24.908
25.029
25.15
25.27
25.391
25.512
25.633
25.753
25.874
25.995
26.116
26.236
26.357
26.478
26.599
26.719
26.84
26.961
27.082
27.202
27.323
13.549
13.574
13.597
13.619
13.641
13.661
13.681
13.7
13.717
13.734
13.75
13.765
13.778
13.791
13.803
13.814
13.824
13.833
13.842
13.849
13.855
13.86
13.864
13.868
13.87
13.872
13.872
13.872
13.871
13.875
13.887
13.895
13.905
13.918
13.931
13.945
13.959
13.976
13.996
14.017
14.038
14.058
14.078
14.097
14.107
14.103
14.119
14.191
14.265
14.341
14.419
14.499
14.58
14.663
14.748
14.834
14.923
15.013
15.105
15.199
15.294
15.392
15.491
15.592
15.695
15.799
15.905
16.013
16.123
16.235
16.348
16.464
16.581
16.699
16.82
16.942
17.067
17.192
17.32
17.45
17.581
17.714
17.849
17.986
18.124
18.264
18.406
18.55
18.696
18.843
18.992
19.143
19.296
19.45
19.607
19.765
19.925
20.086
20.25
20.415
20.582
20.751
20.922
21.094
21.268
21.444
21.622
21.801
21.983
22.166
22.351
22.537
22.714
22.835
22.956
23.076
23.197
23.318
23.439
23.559
23.68
23.801
23.922
24.042
24.163
24.284
24.405
24.525
24.646
24.767
24.888
25.008
25.129
25.25
25.371
25.491
25.612
25.733
25.854
25.974
26.095
26.216
26.337
26.457
26.578
26.699
26.82
26.94
27.061
27.182
27.303
27.423
13.497
13.522
13.546
13.57
13.592
13.614
13.634
13.654
13.673
13.69
13.707
13.723
13.738
13.752
13.765
13.777
13.788
13.798
13.807
13.815
13.822
13.828
13.834
13.838
13.841
13.844
13.845
13.846
13.845
13.858
13.866
13.874
13.886
13.9
13.913
13.927
13.944
13.962
13.984
14.005
14.025
14.045
14.065
14.076
14.075
14.083
14.154
14.226
14.3
14.376
14.453
14.533
14.614
14.697
14.781
14.868
14.956
15.046
15.138
15.232
15.327
15.424
15.523
15.624
15.727
15.831
15.937
16.045
16.155
16.266
16.38
16.495
16.612
16.73
16.851
16.973
17.097
17.223
17.35
17.48
17.611
17.744
17.879
18.015
18.153
18.293
18.435
18.579
18.724
18.872
19.021
19.171
19.324
19.478
19.635
19.793
19.952
20.114
20.277
20.442
20.609
20.778
20.948
21.12
21.294
21.47
21.648
21.827
22.008
22.191
22.376
22.563
22.751
22.935
23.056
23.177
23.297
23.418
23.539
23.66
23.78
23.901
24.022
24.143
24.263
24.384
24.505
24.626
24.746
24.867
24.988
25.109
25.229
25.35
25.471
25.592
25.712
25.833
25.954
26.074
26.195
26.316
26.437
26.557
26.678
26.799
26.92
27.04
27.161
27.282
27.403
27.523
13.445
13.472
13.497
13.521
13.545
13.567
13.589
13.609
13.629
13.648
13.666
13.682
13.698
13.713
13.727
13.74
13.752
13.763
13.773
13.782
13.79
13.798
13.804
13.809
13.814
13.817
13.82
13.82
13.828
13.836
13.844
13.855
13.868
13.881
13.894
13.911
13.929
13.951
13.972
13.992
14.012
14.032
14.044
14.048
14.048
14.117
14.187
14.259
14.333
14.408
14.486
14.565
14.646
14.729
14.813
14.9
14.988
15.078
15.169
15.263
15.358
15.455
15.554
15.655
15.757
15.861
15.967
16.075
16.185
16.296
16.409
16.524
16.641
16.759
16.88
17.002
17.126
17.251
17.379
17.508
17.639
17.772
17.906
18.043
18.181
18.321
18.463
18.606
18.751
18.898
19.047
19.198
19.35
19.505
19.661
19.818
19.978
20.139
20.303
20.467
20.634
20.803
20.973
21.145
21.319
21.495
21.672
21.851
22.032
22.215
22.4
22.586
22.774
22.964
23.156
23.277
23.397
23.518
23.639
23.76
23.88
24.001
24.122
24.243
24.363
24.484
24.605
24.726
24.846
24.967
25.088
25.209
25.329
25.45
25.571
25.692
25.812
25.933
26.054
26.175
26.295
26.416
26.537
26.658
26.778
26.899
27.02
27.141
27.261
27.382
27.503
27.624
13.395
13.422
13.448
13.474
13.498
13.522
13.544
13.566
13.586
13.606
13.625
13.643
13.659
13.675
13.69
13.704
13.717
13.729
13.74
13.75
13.759
13.768
13.775
13.781
13.787
13.791
13.794
13.798
13.807
13.815
13.823
13.836
13.849
13.863
13.878
13.895
13.917
13.939
13.96
13.979
13.999
14.013
14.02
14.013
14.08
14.148
14.218
14.29
14.364
14.439
14.516
14.596
14.676
14.759
14.843
14.93
15.018
15.107
15.199
15.292
15.387
15.484
15.583
15.684
15.786
15.89
15.996
16.103
16.213
16.324
16.437
16.552
16.668
16.787
16.907
17.029
17.153
17.278
17.405
17.534
17.665
17.798
17.932
18.069
18.207
18.346
18.488
18.631
18.776
18.923
19.072
19.223
19.375
19.529
19.685
19.842
20.002
20.163
20.326
20.491
20.658
20.826
20.996
21.168
21.342
21.517
21.695
21.874
22.055
22.237
22.422
22.608
22.796
22.986
23.177
23.371
23.498
23.618
23.739
23.86
23.981
24.101
24.222
24.343
24.464
24.584
24.705
24.826
24.947
25.067
25.188
25.309
25.43
25.55
25.671
25.792
25.913
26.033
26.154
26.275
26.396
26.516
26.637
26.758
26.879
26.999
27.12
27.241
27.362
27.482
27.603
27.724
13.359
13.375
13.401
13.427
13.453
13.477
13.501
13.523
13.545
13.565
13.585
13.604
13.622
13.638
13.654
13.669
13.683
13.696
13.708
13.719
13.73
13.739
13.747
13.754
13.761
13.766
13.768
13.778
13.786
13.794
13.804
13.818
13.831
13.846
13.863
13.884
13.906
13.927
13.946
13.966
13.982
13.992
13.978
14.043
14.109
14.178
14.248
14.319
14.393
14.468
14.545
14.624
14.705
14.787
14.872
14.958
15.046
15.135
15.227
15.32
15.415
15.512
15.61
15.711
15.813
15.917
16.022
16.13
16.239
16.35
16.463
16.578
16.694
16.812
16.932
17.054
17.178
17.303
17.43
17.559
17.69
17.822
17.957
18.093
18.23
18.37
18.512
18.655
18.8
18.947
19.095
19.245
19.398
19.552
19.707
19.865
20.024
20.185
20.348
20.513
20.679
20.847
21.017
21.189
21.363
21.538
21.715
21.894
22.075
22.257
22.442
22.628
22.816
23.005
23.197
23.39
23.585
23.719
23.839
23.96
24.081
24.202
24.322
24.443
24.564
24.685
24.805
24.926
25.047
25.168
25.288
25.409
25.53
25.651
25.771
25.892
26.013
26.134
26.254
26.375
26.496
26.617
26.737
26.858
26.979
27.1
27.22
27.341
27.462
27.583
27.703
27.824
13.339
13.355
13.371
13.388
13.408
13.433
13.458
13.481
13.504
13.526
13.546
13.566
13.585
13.603
13.62
13.635
13.65
13.664
13.677
13.69
13.701
13.711
13.72
13.728
13.736
13.743
13.749
13.757
13.765
13.773
13.786
13.799
13.813
13.83
13.85
13.872
13.894
13.914
13.933
13.951
13.961
13.944
14.007
14.071
14.137
14.205
14.275
14.347
14.42
14.496
14.572
14.651
14.732
14.814
14.898
14.984
15.072
15.161
15.253
15.346
15.441
15.537
15.636
15.736
15.838
15.942
16.047
16.154
16.264
16.374
16.487
16.602
16.718
16.836
16.956
17.077
17.201
17.326
17.453
17.582
17.712
17.845
17.979
18.115
18.253
18.392
18.533
18.676
18.821
18.968
19.116
19.267
19.419
19.572
19.728
19.885
20.044
20.205
20.368
20.533
20.699
20.867
21.037
21.208
21.382
21.557
21.734
21.913
22.093
22.276
22.46
22.646
22.834
23.023
23.214
23.408
23.602
23.799
23.94
24.06
24.181
24.302
24.423
24.543
24.664
24.785
24.906
25.026
25.147
25.268
25.389
25.509
25.63
25.751
25.872
25.992
26.113
26.234
26.355
26.475
26.596
26.717
26.838
26.958
27.079
27.2
27.321
27.441
27.562
27.683
27.804
27.924
13.32
13.336
13.352
13.368
13.384
13.4
13.417
13.441
13.464
13.487
13.509
13.529
13.549
13.568
13.586
13.603
13.618
13.633
13.647
13.661
13.673
13.684
13.694
13.703
13.712
13.719
13.728
13.736
13.744
13.754
13.768
13.781
13.797
13.817
13.839
13.861
13.881
13.901
13.92
13.929
13.916
13.971
14.033
14.098
14.164
14.232
14.301
14.373
14.446
14.521
14.598
14.676
14.757
14.839
14.923
15.009
15.096
15.186
15.277
15.37
15.464
15.561
15.659
15.759
15.861
15.965
16.07
16.177
16.286
16.397
16.51
16.624
16.74
16.858
16.978
17.099
17.222
17.347
17.474
17.603
17.733
17.866
18
18.135
18.273
18.412
18.553
18.696
18.841
18.987
19.136
19.286
19.438
19.591
19.747
19.904
20.063
20.224
20.386
20.551
20.717
20.885
21.054
21.226
21.399
21.574
21.751
21.93
22.11
22.293
22.477
22.662
22.85
23.039
23.23
23.423
23.618
23.815
24.013
24.161
24.281
24.402
24.523
24.644
24.764
24.885
25.006
25.127
25.247
25.368
25.489
25.61
25.73
25.851
25.972
26.093
26.213
26.334
26.455
26.576
26.696
26.817
26.938
27.059
27.179
27.3
27.421
27.542
27.662
27.783
27.904
28.025
13.304
13.319
13.334
13.349
13.365
13.381
13.397
13.413
13.429
13.449
13.472
13.493
13.514
13.534
13.553
13.571
13.587
13.603
13.618
13.633
13.646
13.658
13.669
13.679
13.689
13.698
13.706
13.714
13.723
13.736
13.749
13.765
13.784
13.805
13.827
13.848
13.868
13.887
13.898
13.888
13.935
13.996
14.058
14.122
14.188
14.256
14.325
14.397
14.47
14.545
14.621
14.7
14.78
14.862
14.946
15.032
15.119
15.208
15.299
15.392
15.486
15.583
15.681
15.781
15.882
15.986
16.091
16.198
16.307
16.418
16.53
16.644
16.76
16.878
16.998
17.119
17.242
17.367
17.494
17.622
17.752
17.885
18.018
18.154
18.291
18.431
18.572
18.714
18.859
19.005
19.153
19.303
19.455
19.609
19.764
19.921
20.08
20.24
20.403
20.567
20.733
20.901
21.07
21.242
21.415
21.59
21.767
21.945
22.125
22.307
22.491
22.677
22.864
23.054
23.245
23.437
23.632
23.828
24.026
24.226
24.382
24.502
24.623
24.744
24.865
24.985
25.106
25.227
25.348
25.468
25.589
25.71
25.831
25.951
26.072
26.193
26.314
26.434
26.555
26.676
26.797
26.917
27.038
27.159
27.28
27.4
27.521
27.642
27.763
27.883
28.004
28.125
13.288
13.303
13.318
13.333
13.348
13.363
13.379
13.394
13.41
13.426
13.442
13.458
13.48
13.501
13.521
13.54
13.557
13.574
13.59
13.605
13.62
13.633
13.645
13.656
13.669
13.677
13.685
13.693
13.704
13.717
13.732
13.75
13.772
13.794
13.815
13.835
13.855
13.867
13.861
13.899
13.958
14.019
14.081
14.145
14.211
14.278
14.348
14.419
14.492
14.567
14.643
14.721
14.802
14.883
14.967
15.053
15.14
15.229
15.32
15.412
15.507
15.603
15.701
15.801
15.902
16.006
16.111
16.218
16.326
16.437
16.549
16.663
16.779
16.896
17.016
17.137
17.26
17.385
17.511
17.64
17.77
17.902
18.035
18.171
18.308
18.447
18.588
18.731
18.875
19.021
19.169
19.319
19.471
19.624
19.779
19.936
20.095
20.255
20.418
20.582
20.747
20.915
21.084
21.256
21.429
21.603
21.78
21.958
22.139
22.32
22.504
22.69
22.877
23.066
23.257
23.45
23.644
23.84
24.038
24.238
24.44
24.603
24.723
24.844
24.965
25.086
25.206
25.327
25.448
25.569
25.689
25.81
25.931
26.052
26.172
26.293
26.414
26.535
26.655
26.776
26.897
27.018
27.138
27.259
27.38
27.5
27.621
27.742
27.863
27.983
28.104
28.225
13.272
13.287
13.302
13.317
13.332
13.347
13.362
13.378
13.393
13.408
13.423
13.439
13.455
13.471
13.49
13.51
13.528
13.546
13.563
13.579
13.594
13.609
13.622
13.634
13.648
13.656
13.664
13.672
13.686
13.699
13.717
13.739
13.76
13.782
13.802
13.822
13.836
13.833
13.864
13.921
13.98
14.04
14.102
14.166
14.232
14.299
14.368
14.439
14.512
14.587
14.663
14.741
14.821
14.903
14.987
15.072
15.159
15.248
15.339
15.431
15.525
15.621
15.719
15.819
15.92
16.023
16.128
16.235
16.344
16.454
16.566
16.68
16.796
16.913
17.032
17.153
17.276
17.401
17.527
17.655
17.785
17.917
18.051
18.186
18.323
18.462
18.603
18.745
18.89
19.036
19.183
19.333
19.484
19.638
19.793
19.949
20.108
20.268
20.43
20.594
20.76
20.928
21.097
21.268
21.441
21.615
21.792
21.97
22.15
22.332
22.515
22.701
22.888
23.077
23.267
23.46
23.654
23.85
24.048
24.248
24.449
24.652
24.824
24.944
25.065
25.186
25.306
25.427
25.548
25.669
25.789
25.91
26.031
26.152
26.272
26.393
26.514
26.635
26.755
26.876
26.997
27.118
27.238
27.359
27.48
27.601
27.721
27.842
27.963
28.084
28.204
28.325
13.255
13.27
13.286
13.301
13.316
13.331
13.346
13.361
13.376
13.392
13.407
13.422
13.437
13.452
13.468
13.484
13.5
13.519
13.537
13.554
13.57
13.585
13.599
13.613
13.627
13.635
13.643
13.654
13.667
13.684
13.705
13.727
13.749
13.769
13.789
13.805
13.805
13.829
13.884
13.941
13.999
14.059
14.121
14.185
14.251
14.318
14.387
14.458
14.531
14.605
14.681
14.759
14.839
14.921
15.004
15.089
15.176
15.265
15.356
15.448
15.542
15.638
15.736
15.835
15.936
16.039
16.144
16.251
16.359
16.469
16.581
16.695
16.811
16.928
17.047
17.168
17.291
17.415
17.541
17.669
17.799
17.931
18.064
18.199
18.336
18.475
18.616
18.758
18.902
19.048
19.196
19.345
19.496
19.65
19.804
19.961
20.119
20.28
20.442
20.605
20.771
20.938
21.107
21.278
21.451
21.625
21.802
21.98
22.16
22.341
22.525
22.71
22.897
23.086
23.276
23.469
23.663
23.859
24.056
24.256
24.457
24.66
24.865
25.044
25.165
25.286
25.407
25.527
25.648
25.769
25.89
26.01
26.131
26.252
26.373
26.493
26.614
26.735
26.856
26.976
27.097
27.218
27.339
27.459
27.58
27.701
27.822
27.942
28.063
28.184
28.305
28.425
13.239
13.254
13.269
13.285
13.3
13.315
13.33
13.345
13.36
13.375
13.391
13.406
13.421
13.436
13.451
13.466
13.482
13.497
13.513
13.53
13.547
13.563
13.578
13.594
13.605
13.614
13.622
13.636
13.651
13.672
13.693
13.715
13.736
13.756
13.774
13.777
13.795
13.848
13.902
13.959
14.017
14.077
14.139
14.203
14.268
14.335
14.404
14.475
14.547
14.622
14.698
14.776
14.855
14.937
15.02
15.105
15.192
15.28
15.371
15.463
15.557
15.653
15.75
15.849
15.951
16.053
16.158
16.265
16.373
16.483
16.595
16.708
16.824
16.941
17.06
17.181
17.303
17.427
17.554
17.681
17.811
17.943
18.076
18.211
18.348
18.486
18.627
18.769
18.913
19.059
19.206
19.356
19.507
19.66
19.814
19.971
20.129
20.289
20.451
20.615
20.78
20.947
21.116
21.287
21.459
21.634
21.81
21.988
22.167
22.349
22.532
22.717
22.904
23.093
23.283
23.475
23.669
23.865
24.063
24.262
24.463
24.666
24.871
25.077
25.265
25.386
25.507
25.628
25.748
25.869
25.99
26.111
26.231
26.352
26.473
26.594
26.714
26.835
26.956
27.077
27.197
27.318
27.439
27.56
27.68
27.801
27.922
28.043
28.163
28.284
28.405
28.526
13.223
13.238
13.253
13.268
13.283
13.299
13.314
13.329
13.344
13.359
13.374
13.389
13.405
13.42
13.435
13.45
13.465
13.48
13.496
13.511
13.526
13.542
13.558
13.574
13.584
13.592
13.604
13.618
13.638
13.66
13.682
13.703
13.723
13.742
13.75
13.761
13.812
13.864
13.919
13.975
14.033
14.093
14.155
14.218
14.283
14.35
14.419
14.49
14.562
14.636
14.712
14.79
14.87
14.951
15.034
15.119
15.205
15.294
15.384
15.476
15.57
15.666
15.763
15.862
15.963
16.066
16.17
16.277
16.385
16.495
16.606
16.72
16.835
16.952
17.071
17.192
17.314
17.438
17.564
17.692
17.821
17.953
18.086
18.221
18.357
18.496
18.636
18.778
18.922
19.068
19.215
19.364
19.515
19.668
19.822
19.979
20.137
20.297
20.458
20.622
20.787
20.954
21.123
21.294
21.466
21.64
21.816
21.994
22.174
22.355
22.538
22.723
22.91
23.098
23.288
23.48
23.674
23.87
24.067
24.267
24.468
24.67
24.875
25.081
25.289
25.486
25.607
25.728
25.849
25.969
26.09
26.211
26.332
26.452
26.573
26.694
26.815
26.935
27.056
27.177
27.298
27.418
27.539
27.66
27.781
27.901
28.022
28.143
28.264
28.384
28.505
28.626
13.207
13.222
13.237
13.252
13.267
13.282
13.297
13.313
13.328
13.343
13.358
13.373
13.388
13.403
13.419
13.434
13.449
13.464
13.479
13.495
13.51
13.525
13.538
13.555
13.563
13.572
13.586
13.605
13.627
13.648
13.67
13.69
13.71
13.721
13.727
13.776
13.826
13.879
13.933
13.99
14.047
14.107
14.169
14.232
14.297
14.364
14.433
14.503
14.575
14.649
14.725
14.803
14.882
14.963
15.046
15.131
15.217
15.306
15.396
15.488
15.581
15.677
15.774
15.873
15.974
16.076
16.181
16.287
16.395
16.505
16.616
16.73
16.845
16.962
17.08
17.201
17.323
17.447
17.573
17.7
17.83
17.961
18.094
18.229
18.365
18.504
18.644
18.786
18.929
19.075
19.222
19.371
19.522
19.674
19.829
19.985
20.143
20.303
20.464
20.628
20.793
20.96
21.128
21.299
21.471
21.645
21.821
21.998
22.178
22.359
22.542
22.727
22.913
23.102
23.292
23.484
23.677
23.873
24.07
24.269
24.47
24.673
24.877
25.083
25.291
25.501
25.707
25.828
25.949
26.07
26.19
26.311
26.432
26.553
26.673
26.794
26.915
27.036
27.156
27.277
27.398
27.519
27.639
27.76
27.881
28.002
28.122
28.243
28.364
28.485
28.605
28.726
13.191
13.206
13.221
13.236
13.251
13.266
13.281
13.296
13.311
13.327
13.342
13.357
13.372
13.387
13.402
13.417
13.433
13.448
13.463
13.478
13.493
13.509
13.519
13.534
13.542
13.554
13.572
13.593
13.615
13.637
13.657
13.677
13.69
13.693
13.74
13.789
13.84
13.892
13.946
14.002
14.06
14.12
14.181
14.244
14.309
14.376
14.444
14.515
14.587
14.661
14.736
14.814
14.893
14.974
15.057
15.141
15.228
15.316
15.406
15.497
15.591
15.686
15.783
15.882
15.983
16.085
16.19
16.296
16.403
16.513
16.624
16.738
16.852
16.969
17.088
17.208
17.33
17.454
17.58
17.707
17.836
17.967
18.1
18.235
18.371
18.509
18.649
18.791
18.935
19.08
19.227
19.376
19.527
19.679
19.833
19.989
20.147
20.307
20.468
20.631
20.796
20.963
21.132
21.302
21.474
21.648
21.824
22.001
22.18
22.361
22.544
22.729
22.915
23.103
23.293
23.485
23.679
23.874
24.071
24.27
24.471
24.673
24.878
25.084
25.291
25.501
25.712
25.926
26.049
26.17
26.291
26.411
26.532
26.653
26.774
26.894
27.015
27.136
27.257
27.377
27.498
27.619
27.74
27.86
27.981
28.102
28.223
28.343
28.464
28.585
28.706
28.826
13.174
13.189
13.205
13.22
13.235
13.25
13.265
13.28
13.295
13.31
13.325
13.341
13.356
13.371
13.386
13.401
13.416
13.431
13.447
13.462
13.477
13.491
13.499
13.513
13.522
13.538
13.56
13.582
13.603
13.625
13.644
13.659
13.66
13.705
13.752
13.8
13.851
13.903
13.957
14.013
14.071
14.13
14.191
14.254
14.319
14.386
14.454
14.524
14.596
14.67
14.745
14.823
14.902
14.983
15.065
15.15
15.236
15.324
15.414
15.505
15.599
15.694
15.791
15.89
15.99
16.092
16.196
16.302
16.41
16.519
16.631
16.744
16.858
16.975
17.093
17.214
17.336
17.459
17.585
17.712
17.841
17.972
18.105
18.239
18.375
18.514
18.653
18.795
18.938
19.083
19.23
19.379
19.53
19.682
19.836
19.992
20.15
20.309
20.47
20.633
20.798
20.965
21.133
21.303
21.475
21.649
21.825
22.002
22.181
22.362
22.545
22.729
22.915
23.103
23.293
23.485
23.678
23.873
24.07
24.269
24.47
24.672
24.876
25.082
25.29
25.499
25.711
25.924
26.138
26.27
26.391
26.512
26.632
26.753
26.874
26.995
27.115
27.236
27.357
27.478
27.598
27.719
27.84
27.961
28.081
28.202
28.323
28.444
28.564
28.685
28.806
28.927
13.158
13.173
13.188
13.203
13.218
13.234
13.249
13.264
13.279
13.294
13.309
13.324
13.339
13.354
13.37
13.385
13.4
13.415
13.43
13.445
13.461
13.472
13.48
13.491
13.505
13.526
13.548
13.57
13.592
13.612
13.627
13.626
13.67
13.715
13.761
13.81
13.86
13.913
13.966
14.022
14.08
14.139
14.2
14.263
14.328
14.394
14.462
14.532
14.604
14.678
14.753
14.83
14.909
14.99
15.072
15.156
15.243
15.33
15.42
15.512
15.605
15.7
15.797
15.895
15.995
16.098
16.202
16.307
16.415
16.524
16.635
16.748
16.863
16.979
17.097
17.217
17.339
17.463
17.588
17.715
17.844
17.975
18.108
18.242
18.378
18.516
18.655
18.797
18.94
19.085
19.232
19.381
19.531
19.683
19.837
19.993
20.15
20.31
20.471
20.634
20.798
20.965
21.133
21.303
21.475
21.649
21.824
22.001
22.18
22.361
22.543
22.728
22.914
23.102
23.291
23.483
23.676
23.871
24.068
24.267
24.467
24.669
24.873
25.079
25.286
25.496
25.707
25.92
26.134
26.351
26.491
26.612
26.732
26.853
26.974
27.095
27.215
27.336
27.457
27.578
27.698
27.819
27.94
28.061
28.181
28.302
28.423
28.544
28.664
28.785
28.906
29.027
13.142
13.157
13.172
13.187
13.202
13.217
13.232
13.247
13.263
13.278
13.293
13.308
13.323
13.338
13.353
13.368
13.384
13.399
13.414
13.429
13.444
13.453
13.46
13.472
13.493
13.515
13.537
13.558
13.579
13.596
13.594
13.635
13.678
13.723
13.77
13.818
13.868
13.92
13.974
14.029
14.087
14.146
14.207
14.27
14.334
14.4
14.468
14.538
14.61
14.683
14.759
14.836
14.914
14.995
15.077
15.161
15.247
15.335
15.425
15.516
15.609
15.704
15.8
15.899
15.999
16.101
16.205
16.31
16.418
16.527
16.638
16.751
16.865
16.981
17.1
17.219
17.341
17.465
17.59
17.717
17.846
17.976
18.109
18.243
18.379
18.516
18.656
18.797
18.94
19.085
19.232
19.38
19.53
19.683
19.836
19.992
20.149
20.308
20.469
20.632
20.797
20.963
21.131
21.301
21.473
21.646
21.821
21.998
22.177
22.358
22.54
22.724
22.91
23.098
23.288
23.479
23.672
23.867
24.064
24.262
24.462
24.664
24.868
25.074
25.281
25.49
25.701
25.914
26.129
26.345
26.563
26.712
26.833
26.953
27.074
27.195
27.316
27.436
27.557
27.678
27.799
27.919
28.04
28.161
28.282
28.402
28.523
28.644
28.765
28.885
29.006
29.127
13.126
13.141
13.156
13.171
13.186
13.201
13.216
13.231
13.246
13.261
13.276
13.292
13.307
13.322
13.337
13.352
13.367
13.382
13.397
13.413
13.427
13.434
13.441
13.46
13.481
13.503
13.525
13.546
13.565
13.563
13.601
13.642
13.685
13.729
13.776
13.824
13.874
13.926
13.98
14.035
14.092
14.151
14.212
14.275
14.339
14.405
14.473
14.543
14.614
14.687
14.762
14.839
14.918
14.998
15.081
15.165
15.25
15.338
15.427
15.518
15.611
15.706
15.803
15.901
16.001
16.103
16.206
16.312
16.419
16.528
16.639
16.751
16.866
16.982
17.1
17.22
17.341
17.464
17.59
17.716
17.845
17.975
18.108
18.242
18.378
18.515
18.654
18.796
18.939
19.083
19.23
19.378
19.528
19.68
19.834
19.989
20.146
20.305
20.466
20.629
20.793
20.959
21.127
21.297
21.469
21.642
21.817
21.994
22.173
22.353
22.535
22.719
22.905
23.093
23.282
23.473
23.666
23.861
24.057
24.256
24.456
24.658
24.861
25.067
25.274
25.483
25.694
25.907
26.121
26.337
26.555
26.775
26.933
27.054
27.174
27.295
27.416
27.537
27.657
27.778
27.899
28.02
28.14
28.261
28.382
28.503
28.623
28.744
28.865
28.986
29.106
29.227
13.109
13.125
13.14
13.155
13.17
13.185
13.2
13.215
13.23
13.245
13.26
13.275
13.29
13.305
13.321
13.336
13.351
13.366
13.381
13.396
13.408
13.415
13.426
13.448
13.47
13.492
13.513
13.533
13.535
13.566
13.606
13.647
13.689
13.734
13.78
13.828
13.878
13.93
13.983
14.039
14.096
14.155
14.215
14.278
14.342
14.408
14.476
14.545
14.617
14.69
14.765
14.841
14.92
15
15.082
15.166
15.252
15.339
15.428
15.519
15.612
15.707
15.803
15.901
16.001
16.103
16.206
16.311
16.419
16.527
16.638
16.75
16.865
16.981
17.098
17.218
17.339
17.463
17.588
17.714
17.843
17.973
18.105
18.239
18.375
18.512
18.651
18.792
18.935
19.08
19.226
19.374
19.524
19.676
19.829
19.985
20.142
20.301
20.461
20.624
20.788
20.954
21.122
21.291
21.463
21.636
21.811
21.988
22.166
22.346
22.529
22.712
22.898
23.086
23.275
23.466
23.659
23.853
24.05
24.248
24.448
24.649
24.853
25.058
25.265
25.474
25.685
25.897
26.112
26.328
26.546
26.765
26.987
27.154
27.275
27.395
27.516
27.637
27.758
27.878
27.999
28.12
28.241
28.361
28.482
28.603
28.724
28.844
28.965
29.086
29.207
29.327
13.093
13.108
13.123
13.138
13.153
13.168
13.184
13.199
13.214
13.229
13.244
13.259
13.274
13.289
13.304
13.319
13.334
13.35
13.365
13.38
13.389
13.396
13.415
13.436
13.458
13.48
13.5
13.507
13.533
13.57
13.609
13.65
13.692
13.737
13.783
13.831
13.881
13.932
13.986
14.041
14.098
14.156
14.217
14.279
14.343
14.409
14.477
14.546
14.617
14.69
14.765
14.841
14.92
15
15.082
15.166
15.251
15.338
15.427
15.518
15.611
15.705
15.801
15.899
15.999
16.101
16.204
16.309
16.416
16.525
16.635
16.748
16.862
16.978
17.095
17.215
17.336
17.459
17.584
17.71
17.839
17.969
18.101
18.234
18.37
18.507
18.646
18.787
18.93
19.074
19.22
19.368
19.518
19.67
19.823
19.978
20.135
20.294
20.455
20.617
20.781
20.947
21.114
21.284
21.455
21.628
21.803
21.98
22.158
22.338
22.52
22.704
22.889
23.077
23.266
23.457
23.649
23.844
24.04
24.238
24.438
24.639
24.843
25.048
25.255
25.464
25.674
25.886
26.101
26.316
26.534
26.754
26.975
27.198
27.375
27.496
27.616
27.737
27.858
27.979
28.099
28.22
28.341
28.462
28.582
28.703
28.824
28.945
29.065
29.186
29.307
29.428
13.078
13.093
13.107
13.122
13.137
13.152
13.167
13.182
13.197
13.212
13.227
13.243
13.258
13.273
13.288
13.303
13.318
13.333
13.348
13.363
13.37
13.381
13.403
13.425
13.446
13.467
13.479
13.499
13.534
13.571
13.61
13.651
13.693
13.738
13.784
13.832
13.881
13.933
13.986
14.041
14.098
14.156
14.216
14.279
14.342
14.408
14.476
14.545
14.616
14.689
14.763
14.84
14.918
14.998
15.08
15.163
15.249
15.336
15.425
15.515
15.608
15.702
15.798
15.896
15.996
16.097
16.2
16.305
16.412
16.521
16.631
16.743
16.857
16.973
17.09
17.21
17.331
17.453
17.578
17.705
17.833
17.963
18.095
18.228
18.363
18.501
18.64
18.78
18.923
19.067
19.213
19.361
19.511
19.662
19.815
19.97
20.127
20.286
20.446
20.608
20.772
20.938
21.105
21.275
21.446
21.619
21.793
21.97
22.148
22.328
22.51
22.693
22.879
23.066
23.255
23.446
23.638
23.832
24.028
24.226
24.426
24.627
24.831
25.036
25.243
25.451
25.661
25.874
26.088
26.303
26.521
26.74
26.961
27.184
27.409
27.596
27.717
27.837
27.958
28.079
28.2
28.32
28.441
28.562
28.683
28.803
28.924
29.045
29.166
29.286
29.407
29.528
13.064
13.078
13.093
13.107
13.122
13.136
13.151
13.166
13.181
13.196
13.211
13.226
13.241
13.256
13.271
13.287
13.302
13.317
13.332
13.345
13.353
13.37
13.391
13.413
13.434
13.45
13.466
13.499
13.534
13.571
13.61
13.651
13.693
13.737
13.783
13.831
13.88
13.931
13.984
14.039
14.096
14.154
14.214
14.276
14.34
14.406
14.473
14.542
14.613
14.686
14.76
14.836
14.914
14.994
15.076
15.159
15.245
15.332
15.42
15.511
15.603
15.697
15.793
15.891
15.99
16.092
16.195
16.3
16.406
16.515
16.625
16.737
16.851
16.966
17.084
17.203
17.324
17.446
17.571
17.697
17.825
17.955
18.087
18.22
18.355
18.492
18.631
18.772
18.914
19.058
19.204
19.352
19.501
19.653
19.806
19.96
20.117
20.276
20.436
20.598
20.762
20.927
21.094
21.264
21.435
21.607
21.782
21.958
22.136
22.316
22.498
22.681
22.866
23.053
23.242
23.433
23.625
23.819
24.015
24.213
24.412
24.614
24.817
25.022
25.228
25.437
25.647
25.859
26.073
26.288
26.506
26.725
26.946
27.169
27.393
27.62
27.817
27.938
28.058
28.179
28.3
28.421
28.541
28.662
28.783
28.904
29.024
29.145
29.266
29.387
29.507
29.628
13.05
13.064
13.079
13.093
13.107
13.122
13.136
13.151
13.165
13.18
13.195
13.21
13.225
13.24
13.255
13.27
13.285
13.3
13.315
13.326
13.338
13.358
13.38
13.401
13.419
13.433
13.464
13.497
13.533
13.569
13.608
13.648
13.69
13.734
13.78
13.828
13.877
13.928
13.981
14.036
14.092
14.15
14.211
14.272
14.336
14.401
14.469
14.538
14.608
14.681
14.755
14.831
14.909
14.989
15.07
15.154
15.239
15.325
15.414
15.505
15.597
15.691
15.786
15.884
15.983
16.084
16.187
16.292
16.399
16.507
16.617
16.729
16.842
16.958
17.075
17.194
17.315
17.437
17.562
17.688
17.816
17.945
18.077
18.21
18.345
18.482
18.621
18.761
18.903
19.047
19.193
19.341
19.49
19.641
19.794
19.949
20.105
20.264
20.424
20.586
20.749
20.915
21.082
21.251
21.422
21.594
21.769
21.945
22.123
22.302
22.484
22.667
22.852
23.039
23.228
23.418
23.61
23.804
24
24.198
24.397
24.598
24.801
25.006
25.212
25.421
25.631
25.843
26.056
26.272
26.489
26.708
26.929
27.151
27.376
27.602
27.83
28.038
28.159
28.279
28.4
28.521
28.641
28.762
28.883
29.004
29.124
29.245
29.366
29.487
29.607
29.728
13.035
13.05
13.064
13.079
13.093
13.108
13.122
13.136
13.151
13.165
13.18
13.194
13.209
13.224
13.239
13.254
13.269
13.284
13.299
13.31
13.325
13.346
13.368
13.388
13.4
13.43
13.461
13.494
13.529
13.566
13.604
13.644
13.686
13.73
13.776
13.823
13.872
13.923
13.976
14.031
14.087
14.145
14.205
14.267
14.33
14.395
14.462
14.531
14.602
14.674
14.748
14.824
14.902
14.982
15.063
15.146
15.231
15.318
15.406
15.496
15.588
15.682
15.778
15.875
15.974
16.075
16.178
16.283
16.389
16.497
16.607
16.719
16.832
16.948
17.065
17.183
17.304
17.426
17.551
17.677
17.804
17.934
18.065
18.198
18.333
18.47
18.609
18.749
18.891
19.035
19.18
19.328
19.477
19.628
19.781
19.935
20.092
20.25
20.41
20.571
20.735
20.9
21.067
21.236
21.407
21.579
21.753
21.929
22.107
22.287
22.468
22.651
22.836
23.023
23.211
23.402
23.594
23.788
23.983
24.181
24.38
24.581
24.784
24.988
25.195
25.403
25.613
25.825
26.038
26.253
26.47
26.689
26.91
27.132
27.357
27.583
27.81
28.04
28.259
28.379
28.5
28.621
28.742
28.862
28.983
29.104
29.225
29.345
29.466
29.587
29.708
29.828
13.021
13.036
13.05
13.064
13.079
13.093
13.108
13.122
13.137
13.151
13.165
13.18
13.194
13.209
13.223
13.238
13.252
13.268
13.281
13.295
13.313
13.335
13.355
13.368
13.395
13.425
13.456
13.489
13.524
13.56
13.598
13.638
13.68
13.724
13.769
13.817
13.866
13.917
13.969
14.024
14.08
14.138
14.197
14.259
14.322
14.387
14.454
14.523
14.593
14.666
14.74
14.816
14.893
14.973
15.054
15.137
15.221
15.308
15.396
15.486
15.578
15.672
15.767
15.865
15.964
16.065
16.167
16.272
16.378
16.486
16.596
16.707
16.82
16.936
17.052
17.171
17.292
17.414
17.538
17.664
17.791
17.921
18.052
18.185
18.32
18.456
18.595
18.735
18.877
19.02
19.166
19.313
19.462
19.613
19.766
19.92
20.076
20.234
20.394
20.556
20.719
20.884
21.051
21.22
21.39
21.563
21.737
21.912
22.09
22.27
22.451
22.634
22.819
23.005
23.193
23.384
23.576
23.769
23.965
24.162
24.361
24.562
24.765
24.969
25.175
25.383
25.593
25.805
26.018
26.233
26.45
26.669
26.889
27.112
27.336
27.562
27.789
28.019
28.25
28.48
28.6
28.721
28.842
28.963
29.083
29.204
29.325
29.446
29.566
29.687
29.808
29.929
13.005
13.019
13.034
13.048
13.063
13.077
13.092
13.107
13.121
13.136
13.15
13.165
13.179
13.194
13.209
13.223
13.238
13.252
13.267
13.281
13.301
13.323
13.336
13.361
13.389
13.418
13.449
13.482
13.516
13.553
13.591
13.631
13.673
13.716
13.761
13.809
13.857
13.908
13.961
14.015
14.071
14.129
14.188
14.25
14.313
14.378
14.444
14.513
14.583
14.655
14.729
14.805
14.882
14.962
15.043
15.126
15.21
15.297
15.385
15.475
15.566
15.66
15.755
15.852
15.951
16.052
16.154
16.259
16.365
16.473
16.582
16.694
16.807
16.922
17.039
17.157
17.277
17.4
17.523
17.649
17.777
17.906
18.037
18.17
18.304
18.441
18.579
18.719
18.861
19.004
19.15
19.297
19.446
19.596
19.749
19.903
20.059
20.217
20.377
20.538
20.701
20.866
21.033
21.202
21.372
21.544
21.718
21.894
22.071
22.25
22.432
22.614
22.799
22.985
23.174
23.364
23.555
23.749
23.944
24.141
24.34
24.541
24.744
24.948
25.154
25.362
25.571
25.783
25.996
26.211
26.428
26.647
26.867
27.089
27.313
27.539
27.766
27.995
28.227
28.459
28.694
28.821
28.942
29.063
29.184
29.304
29.425
29.546
29.667
29.787
29.908
30.029
12.984
12.999
13.014
13.029
13.043
13.058
13.073
13.088
13.103
13.118
13.133
13.148
13.163
13.178
13.193
13.208
13.223
13.238
13.252
13.268
13.29
13.304
13.328
13.353
13.38
13.409
13.44
13.473
13.507
13.544
13.582
13.621
13.663
13.706
13.752
13.799
13.847
13.898
13.95
14.004
14.06
14.118
14.177
14.238
14.301
14.366
14.433
14.501
14.571
14.643
14.717
14.793
14.87
14.949
15.03
15.113
15.197
15.283
15.371
15.461
15.553
15.646
15.741
15.838
15.937
16.038
16.14
16.244
16.35
16.458
16.567
16.678
16.791
16.906
17.023
17.141
17.261
17.383
17.507
17.633
17.76
17.889
18.02
18.153
18.287
18.423
18.562
18.701
18.843
18.986
19.132
19.279
19.427
19.578
19.73
19.884
20.04
20.198
20.357
20.519
20.682
20.847
21.013
21.182
21.352
21.524
21.698
21.873
22.05
22.23
22.411
22.593
22.778
22.964
23.152
23.342
23.534
23.727
23.922
24.119
24.318
24.519
24.721
24.925
25.131
25.339
25.548
25.759
25.972
26.187
26.404
26.622
26.843
27.065
27.288
27.514
27.741
27.971
28.201
28.434
28.669
28.905
29.042
29.163
29.284
29.405
29.525
29.646
29.767
29.888
30.008
30.129
12.963
12.978
12.993
13.009
13.024
13.039
13.055
13.07
13.085
13.101
13.116
13.131
13.147
13.162
13.177
13.193
13.208
13.223
13.238
13.256
13.272
13.294
13.318
13.343
13.37
13.399
13.43
13.462
13.497
13.533
13.571
13.61
13.652
13.695
13.74
13.787
13.835
13.886
13.938
13.992
14.048
14.105
14.164
14.226
14.288
14.353
14.42
14.488
14.558
14.63
14.703
14.779
14.856
14.935
15.015
15.098
15.182
15.268
15.356
15.446
15.537
15.631
15.726
15.822
15.921
16.021
16.124
16.228
16.333
16.441
16.55
16.661
16.774
16.889
17.005
17.124
17.244
17.365
17.489
17.614
17.742
17.871
18.001
18.134
18.268
18.404
18.542
18.682
18.823
18.967
19.112
19.259
19.407
19.558
19.71
19.864
20.019
20.177
20.336
20.498
20.66
20.825
20.992
21.16
21.33
21.502
21.675
21.851
22.028
22.207
22.388
22.57
22.755
22.941
23.129
23.318
23.51
23.703
23.898
24.095
24.294
24.494
24.696
24.9
25.106
25.314
25.523
25.734
25.947
26.162
26.378
26.597
26.817
27.038
27.262
27.488
27.715
27.944
28.175
28.407
28.641
28.878
29.116
29.263
29.384
29.505
29.626
29.746
29.867
29.988
30.109
30.229
12.942
12.958
12.973
12.989
13.005
13.02
13.036
13.052
13.067
13.083
13.099
13.115
13.13
13.146
13.162
13.177
13.193
13.209
13.224
13.241
13.261
13.283
13.306
13.331
13.358
13.387
13.418
13.45
13.484
13.52
13.558
13.597
13.639
13.682
13.727
13.773
13.822
13.872
13.924
13.978
14.033
14.091
14.15
14.211
14.274
14.338
14.404
14.472
14.542
14.614
14.687
14.763
14.84
14.918
14.999
15.081
15.166
15.252
15.339
15.429
15.52
15.613
15.708
15.805
15.903
16.003
16.106
16.209
16.315
16.422
16.531
16.642
16.755
16.87
16.986
17.104
17.224
17.346
17.469
17.594
17.721
17.85
17.981
18.113
18.247
18.383
18.521
18.661
18.802
18.945
19.09
19.237
19.385
19.535
19.688
19.841
19.997
20.154
20.314
20.475
20.637
20.802
20.968
21.136
21.306
21.478
21.651
21.827
22.004
22.183
22.363
22.546
22.73
22.916
23.104
23.293
23.484
23.678
23.872
24.069
24.268
24.468
24.67
24.874
25.079
25.287
25.496
25.707
25.92
26.134
26.351
26.569
26.789
27.011
27.234
27.459
27.686
27.915
28.146
28.378
28.612
28.848
29.086
29.326
29.484
29.605
29.726
29.847
29.967
30.088
30.209
30.33
12.921
12.937
12.953
12.969
12.985
13.001
13.017
13.034
13.05
13.066
13.082
13.098
13.114
13.13
13.146
13.162
13.178
13.194
13.21
13.228
13.248
13.269
13.293
13.318
13.345
13.373
13.404
13.436
13.47
13.506
13.543
13.583
13.624
13.667
13.711
13.758
13.806
13.856
13.908
13.962
14.017
14.074
14.133
14.194
14.257
14.321
14.387
14.455
14.525
14.597
14.67
14.745
14.822
14.901
14.981
15.063
15.147
15.233
15.321
15.41
15.501
15.594
15.689
15.785
15.884
15.984
16.086
16.189
16.295
16.402
16.511
16.622
16.734
16.849
16.965
17.083
17.203
17.324
17.448
17.573
17.7
17.828
17.959
18.091
18.225
18.361
18.498
18.638
18.779
18.922
19.067
19.213
19.362
19.512
19.664
19.817
19.973
20.13
20.289
20.45
20.612
20.777
20.943
21.111
21.281
21.452
21.626
21.801
21.978
22.156
22.337
22.519
22.703
22.889
23.077
23.266
23.457
23.65
23.845
24.041
24.24
24.44
24.642
24.846
25.051
25.258
25.467
25.678
25.891
26.105
26.321
26.539
26.759
26.981
27.204
27.429
27.656
27.885
28.115
28.348
28.582
28.818
29.055
29.295
29.536
29.705
29.826
29.947
30.067
30.188
30.309
30.43
12.905
12.921
12.937
12.953
12.97
12.986
13.002
13.018
13.034
13.05
13.067
13.083
13.099
13.115
13.131
13.147
13.164
13.18
13.196
13.213
13.233
13.254
13.277
13.302
13.329
13.358
13.388
13.42
13.454
13.489
13.527
13.566
13.607
13.65
13.694
13.741
13.789
13.839
13.891
13.944
13.999
14.056
14.115
14.176
14.238
14.303
14.369
14.436
14.506
14.577
14.651
14.725
14.802
14.881
14.961
15.043
15.127
15.213
15.3
15.389
15.48
15.573
15.668
15.764
15.862
15.962
16.064
16.167
16.273
16.38
16.489
16.599
16.712
16.826
16.942
17.06
17.18
17.301
17.424
17.549
17.676
17.804
17.935
18.067
18.201
18.336
18.474
18.613
18.754
18.897
19.041
19.188
19.336
19.486
19.638
19.791
19.947
20.104
20.263
20.423
20.586
20.75
20.916
21.084
21.253
21.425
21.598
21.773
21.95
22.128
22.309
22.491
22.675
22.86
23.048
23.237
23.428
23.621
23.816
24.012
24.21
24.41
24.612
24.815
25.021
25.228
25.437
25.648
25.86
26.074
26.29
26.508
26.728
26.949
27.172
27.397
27.624
27.853
28.083
28.315
28.549
28.785
29.022
29.262
29.503
29.746
29.926
30.047
30.168
30.288
30.409
30.53
12.891
12.907
12.923
12.939
12.955
12.972
12.988
13.004
13.02
13.036
13.053
13.069
13.085
13.101
13.117
13.133
13.15
13.166
13.182
13.198
13.216
13.237
13.26
13.285
13.312
13.34
13.37
13.402
13.436
13.471
13.509
13.548
13.589
13.631
13.676
13.722
13.77
13.82
13.871
13.925
13.98
14.037
14.095
14.156
14.218
14.282
14.348
14.416
14.485
14.556
14.629
14.704
14.781
14.859
14.939
15.021
15.105
15.191
15.278
15.367
15.458
15.55
15.645
15.741
15.839
15.939
16.04
16.144
16.249
16.356
16.465
16.575
16.688
16.802
16.917
17.035
17.155
17.276
17.399
17.524
17.65
17.779
17.909
18.041
18.174
18.31
18.447
18.586
18.727
18.87
19.014
19.161
19.309
19.459
19.61
19.764
19.919
20.076
20.234
20.395
20.557
20.721
20.887
21.055
21.224
21.396
21.569
21.744
21.92
22.099
22.279
22.461
22.644
22.83
23.017
23.206
23.397
23.59
23.784
23.981
24.179
24.379
24.58
24.784
24.989
25.196
25.405
25.615
25.827
26.042
26.257
26.475
26.695
26.916
27.139
27.364
27.59
27.819
28.049
28.281
28.515
28.75
28.988
29.227
29.468
29.71
29.955
30.147
30.268
30.389
30.509
30.63
12.877
12.893
12.909
12.925
12.941
12.958
12.974
12.99
13.006
13.022
13.039
13.055
13.071
13.087
13.103
13.119
13.136
13.152
13.168
13.184
13.2
13.219
13.242
13.266
13.293
13.321
13.351
13.383
13.416
13.452
13.489
13.528
13.568
13.611
13.655
13.701
13.749
13.799
13.85
13.903
13.958
14.015
14.074
14.134
14.196
14.26
14.326
14.393
14.463
14.534
14.607
14.681
14.758
14.836
14.916
14.998
15.081
15.167
15.254
15.343
15.433
15.526
15.62
15.716
15.814
15.914
16.015
16.118
16.223
16.33
16.439
16.549
16.661
16.775
16.891
17.009
17.128
17.249
17.372
17.497
17.623
17.751
17.881
18.013
18.147
18.282
18.419
18.558
18.699
18.841
18.986
19.132
19.28
19.429
19.581
19.734
19.889
20.046
20.204
20.365
20.527
20.691
20.857
21.024
21.194
21.365
21.538
21.712
21.889
22.067
22.247
22.429
22.612
22.798
22.985
23.174
23.365
23.557
23.752
23.948
24.146
24.345
24.547
24.75
24.955
25.162
25.37
25.581
25.793
26.007
26.223
26.44
26.66
26.881
27.104
27.328
27.555
27.783
28.013
28.245
28.479
28.714
28.951
29.19
29.431
29.674
29.918
30.164
30.368
30.489
30.61
30.73
12.863
12.879
12.895
12.911
12.927
12.944
12.96
12.976
12.992
13.008
13.024
13.041
13.057
13.073
13.089
13.105
13.122
13.138
13.154
13.17
13.186
13.202
13.221
13.246
13.272
13.3
13.33
13.361
13.395
13.43
13.467
13.506
13.546
13.589
13.633
13.679
13.726
13.776
13.827
13.88
13.935
13.992
14.05
14.11
14.172
14.236
14.302
14.369
14.438
14.509
14.582
14.656
14.733
14.811
14.891
14.972
15.056
15.141
15.228
15.317
15.407
15.5
15.594
15.69
15.787
15.887
15.988
16.091
16.196
16.303
16.411
16.521
16.633
16.747
16.863
16.98
17.099
17.22
17.343
17.468
17.594
17.722
17.852
17.983
18.117
18.252
18.389
18.528
18.669
18.811
18.955
19.101
19.249
19.398
19.55
19.703
19.858
20.014
20.173
20.333
20.495
20.659
20.824
20.992
21.161
21.332
21.505
21.679
21.855
22.034
22.213
22.395
22.579
22.764
22.951
23.14
23.33
23.523
23.717
23.913
24.111
24.31
24.511
24.715
24.919
25.126
25.335
25.545
25.757
25.971
26.186
26.404
26.623
26.844
27.067
27.291
27.518
27.746
27.976
28.207
28.441
28.676
28.913
29.152
29.393
29.635
29.879
30.125
30.373
30.589
30.71
30.831
12.849
12.865
12.881
12.897
12.913
12.93
12.946
12.962
12.978
12.994
13.01
13.027
13.043
13.059
13.075
13.091
13.108
13.124
13.14
13.156
13.172
13.188
13.205
13.223
13.249
13.277
13.307
13.338
13.372
13.407
13.443
13.482
13.523
13.565
13.609
13.654
13.702
13.751
13.802
13.855
13.91
13.967
14.025
14.085
14.147
14.21
14.276
14.343
14.412
14.483
14.555
14.63
14.706
14.784
14.864
14.945
15.028
15.113
15.2
15.289
15.379
15.472
15.566
15.661
15.759
15.858
15.959
16.062
16.167
16.274
16.382
16.492
16.604
16.717
16.833
16.95
17.069
17.19
17.312
17.437
17.563
17.691
17.821
17.952
18.085
18.221
18.357
18.496
18.637
18.779
18.923
19.069
19.216
19.366
19.517
19.67
19.824
19.981
20.139
20.299
20.461
20.625
20.79
20.958
21.127
21.297
21.47
21.644
21.82
21.998
22.178
22.36
22.543
22.728
22.915
23.104
23.294
23.486
23.68
23.876
24.074
24.273
24.474
24.677
24.882
25.089
25.297
25.507
25.719
25.933
26.148
26.365
26.584
26.805
27.028
27.252
27.478
27.706
27.936
28.168
28.401
28.636
28.873
29.112
29.352
29.594
29.839
30.084
30.332
30.581
30.81
30.931
12.835
12.851
12.867
12.883
12.899
12.916
12.932
12.948
12.964
12.98
12.996
13.013
13.029
13.045
13.061
13.077
13.093
13.11
13.126
13.142
13.158
13.174
13.191
13.207
13.225
13.253
13.282
13.313
13.347
13.381
13.418
13.457
13.497
13.539
13.583
13.628
13.676
13.725
13.776
13.829
13.883
13.94
13.998
14.058
14.119
14.183
14.248
14.315
14.384
14.455
14.527
14.601
14.677
14.755
14.835
14.916
14.999
15.084
15.171
15.259
15.35
15.442
15.535
15.631
15.729
15.828
15.929
16.032
16.136
16.242
16.351
16.461
16.572
16.686
16.801
16.918
17.037
17.158
17.28
17.404
17.53
17.658
17.788
17.919
18.052
18.187
18.324
18.462
18.603
18.745
18.889
19.034
19.182
19.331
19.482
19.635
19.789
19.946
20.104
20.264
20.426
20.589
20.754
20.921
21.09
21.261
21.433
21.608
21.784
21.962
22.141
22.322
22.506
22.691
22.877
23.066
23.256
23.448
23.642
23.838
24.035
24.235
24.436
24.638
24.843
25.049
25.258
25.467
25.679
25.893
26.108
26.325
26.544
26.765
26.987
27.211
27.438
27.665
27.895
28.126
28.36
28.595
28.831
29.07
29.31
29.552
29.796
30.042
30.289
30.539
30.79
31.031
12.821
12.837
12.853
12.869
12.885
12.901
12.918
12.934
12.95
12.966
12.982
12.999
13.015
13.031
13.047
13.063
13.079
13.096
13.112
13.128
13.144
13.16
13.176
13.193
13.209
13.226
13.256
13.287
13.32
13.355
13.391
13.429
13.47
13.511
13.555
13.601
13.648
13.697
13.748
13.8
13.855
13.911
13.969
14.029
14.09
14.154
14.219
14.286
14.354
14.425
14.497
14.571
14.647
14.725
14.804
14.885
14.968
15.053
15.14
15.228
15.318
15.41
15.504
15.599
15.696
15.796
15.896
15.999
16.103
16.21
16.318
16.427
16.539
16.652
16.767
16.884
17.003
17.124
17.246
17.37
17.496
17.623
17.753
17.884
18.017
18.152
18.289
18.427
18.567
18.709
18.853
18.998
19.145
19.295
19.445
19.598
19.753
19.909
20.067
20.227
20.388
20.552
20.717
20.884
21.052
21.223
21.395
21.569
21.745
21.923
22.102
22.283
22.466
22.651
22.838
23.026
23.216
23.408
23.602
23.798
23.995
24.194
24.395
24.598
24.802
25.008
25.216
25.426
25.638
25.851
26.066
26.283
26.502
26.723
26.945
27.169
27.395
27.623
27.852
28.083
28.316
28.551
28.788
29.026
29.266
29.508
29.752
29.998
30.245
30.494
30.745
30.998
12.807
12.823
12.839
12.855
12.871
12.887
12.904
12.92
12.936
12.952
12.968
12.984
13.001
13.017
13.033
13.049
13.065
13.082
13.098
13.114
13.13
13.146
13.162
13.179
13.195
13.211
13.227
13.258
13.291
13.326
13.362
13.4
13.44
13.482
13.526
13.571
13.618
13.667
13.718
13.77
13.824
13.88
13.938
13.998
14.059
14.122
14.187
14.254
14.323
14.393
14.465
14.539
14.615
14.692
14.772
14.853
14.936
15.02
15.107
15.195
15.285
15.377
15.47
15.565
15.663
15.761
15.862
15.965
16.069
16.175
16.283
16.392
16.504
16.617
16.732
16.849
16.967
17.088
17.21
17.334
17.46
17.587
17.716
17.847
17.98
18.115
18.251
18.39
18.53
18.671
18.815
18.96
19.107
19.256
19.407
19.56
19.714
19.87
20.028
20.188
20.349
20.512
20.677
20.844
21.013
21.183
21.355
21.529
21.705
21.882
22.062
22.243
22.426
22.61
22.797
22.985
23.175
23.367
23.56
23.756
23.953
24.152
24.353
24.555
24.759
24.965
25.173
25.383
25.594
25.808
26.023
26.24
26.458
26.678
26.901
27.125
27.35
27.578
27.807
28.038
28.271
28.506
28.742
28.981
29.221
29.462
29.706
29.951
30.199
30.448
30.698
30.951
12.792
12.809
12.825
12.841
12.857
12.873
12.89
12.906
12.922
12.938
12.954
12.97
12.987
13.003
13.019
13.035
13.051
13.068
13.084
13.1
13.116
13.132
13.148
13.165
13.181
13.197
13.213
13.229
13.261
13.295
13.331
13.37
13.409
13.451
13.494
13.54
13.587
13.635
13.686
13.738
13.792
13.848
13.906
13.965
14.027
14.09
14.154
14.221
14.289
14.36
14.432
14.505
14.581
14.658
14.737
14.818
14.901
14.985
15.072
15.16
15.25
15.341
15.435
15.53
15.627
15.726
15.826
15.929
16.033
16.139
16.246
16.356
16.467
16.58
16.695
16.812
16.93
17.05
17.172
17.296
17.422
17.549
17.678
17.809
17.942
18.076
18.212
18.351
18.49
18.632
18.775
18.921
19.068
19.216
19.367
19.519
19.674
19.829
19.987
20.147
20.308
20.471
20.636
20.803
20.971
21.141
21.313
21.487
21.663
21.84
22.019
22.2
22.383
22.567
22.754
22.942
23.132
23.323
23.517
23.712
23.909
24.108
24.308
24.511
24.715
24.921
25.129
25.338
25.549
25.762
25.977
26.194
26.412
26.633
26.855
27.078
27.304
27.531
27.761
27.992
28.224
28.459
28.695
28.933
29.173
29.415
29.658
29.904
30.151
30.399
30.65
30.902
12.778
12.795
12.811
12.827
12.843
12.859
12.876
12.892
12.908
12.924
12.94
12.956
12.973
12.989
13.005
13.021
13.037
13.053
13.07
13.086
13.102
13.118
13.134
13.151
13.167
13.183
13.199
13.215
13.231
13.263
13.299
13.337
13.377
13.418
13.461
13.506
13.553
13.602
13.652
13.704
13.758
13.814
13.872
13.931
13.992
14.055
14.12
14.186
14.254
14.324
14.396
14.47
14.545
14.622
14.701
14.782
14.865
14.949
15.035
15.123
15.213
15.304
15.398
15.493
15.589
15.688
15.788
15.891
15.995
16.1
16.208
16.317
16.428
16.541
16.656
16.773
16.891
17.011
17.133
17.256
17.382
17.509
17.638
17.769
17.901
18.036
18.172
18.31
18.449
18.591
18.734
18.879
19.026
19.175
19.325
19.477
19.631
19.787
19.945
20.104
20.265
20.428
20.593
20.759
20.928
21.098
21.27
21.443
21.619
21.796
21.975
22.156
22.338
22.523
22.709
22.897
23.086
23.278
23.471
23.666
23.863
24.062
24.262
24.465
24.669
24.874
25.082
25.291
25.502
25.715
25.93
26.147
26.365
26.585
26.807
27.031
27.256
27.483
27.712
27.943
28.176
28.41
28.646
28.884
29.124
29.365
29.609
29.854
30.101
30.349
30.6
30.852
12.764
12.781
12.797
12.813
12.829
12.845
12.861
12.878
12.894
12.91
12.926
12.942
12.959
12.975
12.991
13.007
13.023
13.039
13.056
13.072
13.088
13.104
13.12
13.136
13.153
13.169
13.185
13.201
13.217
13.234
13.265
13.303
13.342
13.383
13.426
13.471
13.518
13.566
13.617
13.669
13.723
13.778
13.836
13.895
13.956
14.018
14.083
14.149
14.217
14.287
14.359
14.433
14.508
14.585
14.664
14.744
14.827
14.911
14.997
15.085
15.174
15.265
15.359
15.453
15.55
15.649
15.749
15.851
15.955
16.06
16.168
16.277
16.388
16.501
16.615
16.732
16.85
16.97
17.091
17.215
17.34
17.467
17.596
17.727
17.859
17.993
18.129
18.267
18.407
18.548
18.691
18.836
18.983
19.131
19.282
19.434
19.587
19.743
19.9
20.06
20.221
20.383
20.548
20.714
20.883
21.052
21.224
21.398
21.573
21.75
21.929
22.11
22.292
22.476
22.662
22.85
23.04
23.231
23.424
23.619
23.816
24.014
24.215
24.417
24.62
24.826
25.034
25.243
25.454
25.667
25.881
26.098
26.316
26.536
26.757
26.981
27.206
27.433
27.662
27.893
28.125
28.36
28.596
28.833
29.073
29.314
29.557
29.802
30.049
30.298
30.548
30.8
12.75
12.767
12.783
12.799
12.815
12.831
12.847
12.864
12.88
12.896
12.912
12.928
12.944
12.961
12.977
12.993
13.009
13.025
13.042
13.058
13.074
13.09
13.106
13.122
13.139
13.155
13.171
13.187
13.203
13.22
13.236
13.266
13.306
13.347
13.39
13.435
13.481
13.529
13.58
13.631
13.685
13.741
13.798
13.857
13.918
13.98
14.045
14.111
14.179
14.249
14.32
14.393
14.469
14.545
14.624
14.705
14.787
14.871
14.957
15.044
15.134
15.225
15.318
15.413
15.509
15.607
15.708
15.809
15.913
16.019
16.126
16.235
16.346
16.458
16.573
16.689
16.807
16.927
17.048
17.172
17.297
17.424
17.552
17.683
17.815
17.949
18.085
18.223
18.362
18.503
18.646
18.791
18.938
19.086
19.236
19.388
19.542
19.697
19.854
20.014
20.174
20.337
20.501
20.668
20.836
21.005
21.177
21.35
21.525
21.702
21.881
22.062
22.244
22.428
22.614
22.801
22.991
23.182
23.375
23.57
23.766
23.965
24.165
24.367
24.571
24.776
24.983
25.193
25.403
25.616
25.83
26.047
26.265
26.484
26.706
26.929
27.155
27.382
27.61
27.841
28.073
28.307
28.543
28.781
29.02
29.261
29.504
29.749
29.996
30.244
30.494
30.746
12.736
12.752
12.769
12.785
12.801
12.817
12.833
12.85
12.866
12.882
12.898
12.914
12.93
12.947
12.963
12.979
12.995
13.011
13.028
13.044
13.06
13.076
13.092
13.108
13.125
13.141
13.157
13.173
13.189
13.205
13.222
13.238
13.268
13.309
13.351
13.396
13.442
13.491
13.541
13.592
13.646
13.701
13.758
13.817
13.878
13.94
14.004
14.071
14.138
14.208
14.279
14.352
14.427
14.504
14.583
14.663
14.745
14.829
14.915
15.002
15.091
15.182
15.275
15.37
15.466
15.565
15.664
15.766
15.87
15.975
16.082
16.191
16.302
16.414
16.529
16.645
16.762
16.882
17.003
17.127
17.252
17.378
17.507
17.637
17.769
17.903
18.039
18.176
18.316
18.457
18.6
18.744
18.891
19.039
19.189
19.341
19.494
19.65
19.807
19.966
20.126
20.289
20.453
20.619
20.787
20.957
21.128
21.301
21.476
21.653
21.832
22.012
22.194
22.378
22.564
22.751
22.94
23.131
23.324
23.519
23.715
23.914
24.114
24.315
24.519
24.724
24.931
25.14
25.351
25.564
25.778
25.994
26.212
26.432
26.653
26.876
27.101
27.328
27.557
27.787
28.019
28.253
28.489
28.726
28.966
29.207
29.449
29.694
29.941
30.189
30.439
30.691
12.722
12.738
12.755
12.771
12.787
12.803
12.819
12.836
12.852
12.868
12.884
12.9
12.916
12.933
12.949
12.965
12.981
12.997
13.013
13.03
13.046
13.062
13.078
13.094
13.111
13.127
13.143
13.159
13.175
13.191
13.208
13.224
13.24
13.269
13.311
13.356
13.402
13.45
13.5
13.551
13.605
13.66
13.717
13.776
13.836
13.898
13.963
14.028
14.096
14.166
14.237
14.31
14.385
14.461
14.54
14.62
14.702
14.785
14.871
14.958
15.047
15.138
15.231
15.325
15.422
15.52
15.62
15.721
15.825
15.93
16.037
16.145
16.256
16.368
16.482
16.598
16.716
16.836
16.957
17.08
17.205
17.331
17.46
17.59
17.722
17.856
17.991
18.128
18.268
18.408
18.551
18.696
18.842
18.99
19.14
19.291
19.445
19.6
19.757
19.916
20.076
20.239
20.403
20.569
20.736
20.906
21.077
21.25
21.425
21.602
21.78
21.96
22.142
22.326
22.512
22.699
22.888
23.079
23.272
23.466
23.663
23.861
24.06
24.262
24.466
24.671
24.878
25.087
25.297
25.509
25.724
25.94
26.157
26.377
26.598
26.821
27.046
27.273
27.501
27.731
27.963
28.197
28.433
28.67
28.909
29.15
29.393
29.637
29.884
30.132
30.382
30.633
12.708
12.724
12.741
12.757
12.773
12.789
12.805
12.821
12.838
12.854
12.87
12.886
12.902
12.919
12.935
12.951
12.967
12.983
12.999
13.016
13.032
13.048
13.064
13.08
13.096
13.113
13.129
13.145
13.161
13.177
13.194
13.21
13.226
13.242
13.269
13.314
13.36
13.408
13.457
13.509
13.562
13.617
13.674
13.732
13.793
13.855
13.919
13.985
14.052
14.121
14.192
14.265
14.34
14.416
14.495
14.575
14.657
14.74
14.826
14.913
15.002
15.092
15.185
15.279
15.375
15.473
15.573
15.674
15.778
15.883
15.989
16.098
16.208
16.321
16.435
16.55
16.668
16.787
16.908
17.031
17.156
17.282
17.411
17.541
17.672
17.806
17.942
18.079
18.218
18.358
18.501
18.645
18.791
18.939
19.089
19.24
19.394
19.549
19.706
19.864
20.025
20.187
20.351
20.517
20.684
20.853
21.025
21.198
21.372
21.549
21.727
21.907
22.089
22.273
22.458
22.645
22.834
23.025
23.217
23.412
23.608
23.806
24.006
24.207
24.41
24.615
24.822
25.031
25.241
25.454
25.668
25.883
26.101
26.32
26.541
26.764
26.989
27.216
27.444
27.674
27.906
28.139
28.375
28.612
28.851
29.092
29.334
29.579
29.825
30.073
30.323
30.574
12.694
12.71
12.727
12.743
12.759
12.775
12.791
12.807
12.824
12.84
12.856
12.872
12.888
12.904
12.921
12.937
12.953
12.969
12.985
13.002
13.018
13.034
13.05
13.066
13.082
13.099
13.115
13.131
13.147
13.163
13.18
13.196
13.212
13.228
13.244
13.27
13.316
13.363
13.413
13.464
13.517
13.572
13.629
13.687
13.747
13.809
13.873
13.939
14.006
14.075
14.146
14.219
14.294
14.37
14.448
14.528
14.61
14.693
14.778
14.865
14.954
15.045
15.137
15.231
15.327
15.425
15.524
15.626
15.729
15.834
15.94
16.049
16.159
16.271
16.385
16.501
16.618
16.737
16.858
16.981
17.105
17.232
17.36
17.49
17.621
17.755
17.89
18.027
18.166
18.307
18.449
18.593
18.739
18.887
19.036
19.188
19.341
19.496
19.652
19.811
19.971
20.133
20.297
20.463
20.63
20.799
20.97
21.143
21.318
21.494
21.672
21.852
22.034
22.217
22.402
22.589
22.778
22.969
23.161
23.356
23.552
23.749
23.949
24.15
24.353
24.558
24.765
24.973
25.184
25.396
25.61
25.825
26.043
26.262
26.483
26.706
26.93
27.157
27.385
27.615
27.846
28.08
28.315
28.552
28.791
29.032
29.274
29.518
29.764
30.012
30.262
30.513
12.68
12.696
12.712
12.729
12.745
12.761
12.777
12.793
12.81
12.826
12.842
12.858
12.874
12.89
12.907
12.923
12.939
12.955
12.971
12.988
13.004
13.02
13.036
13.052
13.068
13.085
13.101
13.117
13.133
13.149
13.165
13.182
13.198
13.214
13.23
13.246
13.27
13.317
13.367
13.418
13.471
13.526
13.582
13.64
13.7
13.762
13.826
13.891
13.959
14.028
14.098
14.171
14.245
14.322
14.399
14.479
14.561
14.644
14.729
14.816
14.905
14.995
15.087
15.181
15.277
15.375
15.474
15.575
15.678
15.783
15.89
15.998
16.108
16.22
16.334
16.449
16.566
16.685
16.806
16.929
17.053
17.179
17.307
17.437
17.568
17.702
17.837
17.974
18.112
18.253
18.395
18.539
18.685
18.833
18.982
19.133
19.286
19.441
19.597
19.756
19.916
20.078
20.242
20.407
20.574
20.743
20.914
21.087
21.261
21.437
21.615
21.795
21.977
22.16
22.345
22.532
22.721
22.911
23.103
23.297
23.493
23.691
23.89
24.092
24.295
24.499
24.706
24.914
25.124
25.336
25.55
25.765
25.983
26.202
26.423
26.645
26.87
27.096
27.324
27.554
27.785
28.019
28.254
28.491
28.729
28.97
29.212
29.456
29.702
29.95
30.199
30.45
12.666
12.682
12.698
12.715
12.731
12.747
12.763
12.779
12.796
12.812
12.828
12.844
12.86
12.876
12.893
12.909
12.925
12.941
12.957
12.973
12.99
13.006
13.022
13.038
13.054
13.071
13.087
13.103
13.119
13.135
13.151
13.168
13.184
13.2
13.216
13.232
13.248
13.27
13.319
13.37
13.423
13.477
13.534
13.592
13.652
13.713
13.777
13.842
13.909
13.978
14.049
14.121
14.195
14.271
14.349
14.429
14.51
14.593
14.678
14.765
14.853
14.944
15.036
15.13
15.225
15.323
15.422
15.523
15.626
15.731
15.837
15.945
16.055
16.167
16.28
16.396
16.513
16.632
16.752
16.875
16.999
17.125
17.253
17.382
17.514
17.647
17.782
17.919
18.057
18.197
18.34
18.483
18.629
18.777
18.926
19.077
19.23
19.384
19.541
19.699
19.859
20.021
20.184
20.35
20.517
20.686
20.856
21.029
21.203
21.379
21.557
21.736
21.918
22.101
22.286
22.473
22.661
22.852
23.044
23.238
23.433
23.631
23.83
24.031
24.234
24.439
24.645
24.853
25.063
25.275
25.489
25.704
25.921
26.14
26.361
26.583
26.807
27.033
27.261
27.491
27.722
27.955
28.19
28.427
28.666
28.906
29.148
29.392
29.638
29.885
30.135
30.386
12.652
12.668
12.684
12.701
12.717
12.733
12.749
12.765
12.781
12.798
12.814
12.83
12.846
12.862
12.879
12.895
12.911
12.927
12.943
12.959
12.976
12.992
13.008
13.024
13.04
13.056
13.073
13.089
13.105
13.121
13.137
13.154
13.17
13.186
13.202
13.218
13.234
13.251
13.269
13.32
13.373
13.427
13.483
13.541
13.601
13.663
13.726
13.791
13.858
13.927
13.997
14.07
14.144
14.219
14.297
14.377
14.458
14.541
14.626
14.712
14.801
14.891
14.983
15.076
15.172
15.269
15.368
15.469
15.572
15.676
15.782
15.891
16
16.112
16.225
16.34
16.457
16.576
16.697
16.819
16.943
17.069
17.197
17.326
17.457
17.59
17.725
17.862
18
18.14
18.282
18.426
18.572
18.719
18.868
19.019
19.171
19.326
19.482
19.64
19.8
19.962
20.125
20.29
20.457
20.626
20.796
20.969
21.143
21.319
21.496
21.676
21.857
22.04
22.225
22.412
22.6
22.79
22.982
23.176
23.372
23.569
23.768
23.969
24.172
24.376
24.582
24.79
25
25.212
25.425
25.64
25.857
26.076
26.297
26.519
26.743
26.969
27.197
27.426
27.658
27.891
28.125
28.362
28.601
28.841
29.083
29.326
29.572
29.819
30.069
30.319
12.638
12.654
12.67
12.687
12.703
12.719
12.735
12.751
12.767
12.784
12.8
12.816
12.832
12.848
12.864
12.881
12.897
12.913
12.929
12.945
12.962
12.978
12.994
13.01
13.026
13.042
13.059
13.075
13.091
13.107
13.123
13.14
13.156
13.172
13.188
13.204
13.22
13.237
13.253
13.269
13.321
13.375
13.431
13.489
13.549
13.61
13.673
13.738
13.805
13.874
13.944
14.016
14.09
14.166
14.243
14.323
14.404
14.487
14.571
14.658
14.746
14.836
14.928
15.021
15.117
15.214
15.313
15.413
15.516
15.62
15.726
15.834
15.944
16.055
16.168
16.284
16.4
16.519
16.639
16.761
16.885
17.011
17.139
17.268
17.399
17.532
17.667
17.803
17.941
18.081
18.223
18.367
18.512
18.659
18.808
18.959
19.111
19.266
19.422
19.58
19.739
19.901
20.064
20.229
20.396
20.565
20.735
20.907
21.081
21.257
21.434
21.614
21.795
21.978
22.162
22.349
22.537
22.727
22.919
23.113
23.308
23.505
23.704
23.905
24.107
24.312
24.518
24.726
24.935
25.147
25.36
25.575
25.792
26.011
26.231
26.453
26.677
26.903
27.131
27.36
27.591
27.824
28.059
28.295
28.533
28.773
29.015
29.259
29.504
29.752
30.001
30.251
12.624
12.64
12.656
12.672
12.689
12.705
12.721
12.737
12.753
12.77
12.786
12.802
12.818
12.834
12.85
12.867
12.883
12.899
12.915
12.931
12.948
12.964
12.98
12.996
13.012
13.028
13.045
13.061
13.077
13.093
13.109
13.125
13.142
13.158
13.174
13.19
13.206
13.223
13.239
13.255
13.271
13.321
13.377
13.435
13.494
13.556
13.619
13.684
13.75
13.819
13.889
13.961
14.035
14.11
14.188
14.267
14.348
14.43
14.515
14.601
14.689
14.779
14.871
14.964
15.059
15.156
15.255
15.356
15.458
15.562
15.668
15.776
15.886
15.997
16.11
16.225
16.341
16.46
16.58
16.702
16.826
16.951
17.079
17.208
17.339
17.472
17.606
17.743
17.881
18.02
18.162
18.306
18.451
18.598
18.747
18.897
19.05
19.204
19.36
19.518
19.677
19.838
20.001
20.166
20.333
20.501
20.672
20.844
21.018
21.193
21.371
21.55
21.731
21.913
22.098
22.284
22.472
22.662
22.854
23.047
23.243
23.44
23.639
23.839
24.042
24.246
24.452
24.659
24.869
25.08
25.293
25.508
25.725
25.943
26.164
26.386
26.61
26.835
27.063
27.292
27.523
27.756
27.99
28.226
28.465
28.704
28.946
29.19
29.435
29.682
29.931
30.181
12.61
12.626
12.642
12.658
12.675
12.691
12.707
12.723
12.739
12.756
12.772
12.788
12.804
12.82
12.836
12.853
12.869
12.885
12.901
12.917
12.933
12.95
12.966
12.982
12.998
13.014
13.031
13.047
13.063
13.079
13.095
13.111
13.128
13.144
13.16
13.176
13.192
13.208
13.225
13.241
13.257
13.273
13.322
13.379
13.438
13.5
13.563
13.627
13.694
13.762
13.832
13.904
13.978
14.053
14.13
14.209
14.29
14.373
14.457
14.543
14.631
14.721
14.812
14.905
15.001
15.097
15.196
15.296
15.399
15.503
15.609
15.716
15.825
15.937
16.05
16.164
16.281
16.399
16.519
16.641
16.765
16.89
17.017
17.146
17.277
17.41
17.544
17.68
17.818
17.958
18.099
18.243
18.388
18.535
18.683
18.834
18.986
19.14
19.296
19.453
19.613
19.774
19.937
20.102
20.268
20.437
20.607
20.779
20.952
21.128
21.305
21.484
21.665
21.847
22.032
22.218
22.406
22.596
22.787
22.98
23.176
23.372
23.571
23.772
23.974
24.178
24.384
24.591
24.801
25.012
25.225
25.44
25.656
25.874
26.095
26.316
26.54
26.766
26.993
27.222
27.453
27.685
27.92
28.156
28.394
28.634
28.875
29.119
29.364
29.611
29.859
30.11
12.596
12.612
12.628
12.644
12.661
12.677
12.693
12.709
12.725
12.741
12.758
12.774
12.79
12.806
12.822
12.839
12.855
12.871
12.887
12.903
12.919
12.936
12.952
12.968
12.984
13
13.016
13.033
13.049
13.065
13.081
13.097
13.114
13.13
13.146
13.162
13.178
13.194
13.211
13.227
13.243
13.259
13.275
13.322
13.381
13.442
13.505
13.569
13.635
13.704
13.773
13.845
13.919
13.994
14.071
14.15
14.23
14.313
14.397
14.483
14.571
14.66
14.752
14.845
14.94
15.037
15.135
15.235
15.337
15.441
15.547
15.654
15.764
15.875
15.987
16.102
16.218
16.336
16.456
16.578
16.702
16.827
16.954
17.083
17.214
17.346
17.48
17.616
17.754
17.894
18.035
18.178
18.323
18.47
18.618
18.769
18.921
19.075
19.23
19.388
19.547
19.708
19.871
20.035
20.202
20.37
20.54
20.712
20.885
21.06
21.237
21.416
21.597
21.779
21.964
22.15
22.338
22.527
22.718
22.912
23.107
23.303
23.502
23.702
23.904
24.108
24.314
24.521
24.731
24.942
25.154
25.369
25.585
25.804
26.024
26.245
26.469
26.694
26.921
27.15
27.381
27.613
27.848
28.084
28.321
28.561
28.802
29.046
29.291
29.537
29.786
30.036
12.582
12.598
12.614
12.63
12.647
12.663
12.679
12.695
12.711
12.727
12.744
12.76
12.776
12.792
12.808
12.824
12.841
12.857
12.873
12.889
12.905
12.922
12.938
12.954
12.97
12.986
13.002
13.019
13.035
13.051
13.067
13.083
13.1
13.116
13.132
13.148
13.164
13.18
13.197
13.213
13.229
13.245
13.261
13.277
13.321
13.382
13.445
13.509
13.575
13.643
13.713
13.785
13.858
13.933
14.01
14.089
14.169
14.251
14.336
14.421
14.509
14.598
14.69
14.783
14.877
14.974
15.072
15.172
15.274
15.378
15.484
15.591
15.7
15.811
15.923
16.038
16.154
16.272
16.392
16.513
16.637
16.762
16.889
17.018
17.148
17.28
17.414
17.55
17.688
17.827
17.969
18.112
18.256
18.403
18.551
18.702
18.853
19.007
19.163
19.32
19.479
19.64
19.803
19.967
20.133
20.301
20.471
20.643
20.816
20.991
21.168
21.347
21.527
21.71
21.894
22.08
22.267
22.457
22.648
22.841
23.036
23.233
23.431
23.631
23.833
24.037
24.242
24.45
24.659
24.87
25.082
25.297
25.513
25.731
25.951
26.172
26.396
26.621
26.848
27.077
27.307
27.54
27.774
28.01
28.247
28.487
28.728
28.971
29.216
29.462
29.711
29.961
12.568
12.584
12.6
12.616
12.632
12.649
12.665
12.681
12.697
12.713
12.73
12.746
12.762
12.778
12.794
12.81
12.827
12.843
12.859
12.875
12.891
12.908
12.924
12.94
12.956
12.972
12.988
13.005
13.021
13.037
13.053
13.069
13.085
13.102
13.118
13.134
13.15
13.166
13.183
13.199
13.215
13.231
13.247
13.263
13.28
13.321
13.383
13.447
13.513
13.581
13.651
13.722
13.795
13.87
13.947
14.026
14.106
14.188
14.272
14.358
14.445
14.535
14.626
14.719
14.813
14.91
15.008
15.108
15.21
15.313
15.418
15.526
15.635
15.745
15.858
15.972
16.088
16.206
16.326
16.447
16.57
16.695
16.822
16.951
17.081
17.213
17.347
17.483
17.62
17.759
17.901
18.043
18.188
18.335
18.483
18.633
18.785
18.938
19.093
19.251
19.41
19.57
19.733
19.897
20.063
20.231
20.401
20.572
20.745
20.92
21.097
21.276
21.456
21.638
21.822
22.008
22.195
22.385
22.576
22.769
22.963
23.16
23.358
23.558
23.76
23.964
24.169
24.376
24.585
24.796
25.008
25.223
25.439
25.657
25.876
26.098
26.321
26.546
26.773
27.001
27.232
27.464
27.698
27.934
28.171
28.411
28.652
28.895
29.139
29.386
29.634
29.884
12.554
12.57
12.586
12.602
12.618
12.635
12.651
12.667
12.683
12.699
12.716
12.732
12.748
12.764
12.78
12.796
12.813
12.829
12.845
12.861
12.877
12.893
12.91
12.926
12.942
12.958
12.974
12.991
13.007
13.023
13.039
13.055
13.071
13.088
13.104
13.12
13.136
13.152
13.168
13.185
13.201
13.217
13.233
13.249
13.266
13.282
13.32
13.384
13.45
13.517
13.587
13.658
13.731
13.806
13.883
13.961
14.041
14.123
14.207
14.293
14.38
14.469
14.56
14.653
14.747
14.843
14.941
15.041
15.143
15.246
15.352
15.459
15.567
15.678
15.79
15.904
16.02
16.138
16.257
16.379
16.502
16.627
16.753
16.882
17.012
17.144
17.278
17.413
17.551
17.69
17.831
17.973
18.118
18.264
18.412
18.562
18.714
18.867
19.022
19.179
19.338
19.499
19.661
19.825
19.991
20.159
20.328
20.5
20.673
20.848
21.024
21.203
21.383
21.565
21.749
21.934
22.122
22.311
22.502
22.695
22.889
23.085
23.284
23.483
23.685
23.889
24.094
24.301
24.51
24.72
24.933
25.147
25.363
25.58
25.8
26.021
26.244
26.469
26.696
26.924
27.155
27.387
27.62
27.856
28.093
28.333
28.574
28.816
29.061
29.307
29.555
29.805
12.54
12.556
12.572
12.588
12.604
12.621
12.637
12.653
12.669
12.685
12.701
12.718
12.734
12.75
12.766
12.782
12.799
12.815
12.831
12.847
12.863
12.879
12.896
12.912
12.928
12.944
12.96
12.976
12.993
13.009
13.025
13.041
13.057
13.074
13.09
13.106
13.122
13.138
13.154
13.171
13.187
13.203
13.219
13.235
13.252
13.268
13.284
13.318
13.384
13.452
13.521
13.592
13.665
13.74
13.816
13.895
13.975
14.056
14.14
14.225
14.313
14.402
14.492
14.585
14.679
14.775
14.873
14.973
15.074
15.178
15.283
15.39
15.498
15.609
15.721
15.835
15.951
16.068
16.188
16.309
16.432
16.556
16.683
16.811
16.941
17.073
17.207
17.342
17.479
17.618
17.759
17.902
18.046
18.192
18.34
18.49
18.641
18.795
18.95
19.106
19.265
19.426
19.588
19.752
19.918
20.085
20.254
20.426
20.599
20.773
20.95
21.128
21.308
21.49
21.674
21.859
22.046
22.235
22.426
22.619
22.813
23.009
23.207
23.407
23.608
23.812
24.017
24.224
24.432
24.643
24.855
25.069
25.285
25.502
25.722
25.943
26.166
26.391
26.617
26.845
27.076
27.307
27.541
27.777
28.014
28.253
28.494
28.736
28.981
29.227
29.475
29.724
12.526
12.542
12.558
12.574
12.59
12.607
12.623
12.639
12.655
12.671
12.687
12.704
12.72
12.736
12.752
12.768
12.784
12.801
12.817
12.833
12.849
12.865
12.882
12.898
12.914
12.93
12.946
12.962
12.979
12.995
13.011
13.027
13.043
13.06
13.076
13.092
13.108
13.124
13.14
13.157
13.173
13.189
13.205
13.221
13.237
13.254
13.27
13.286
13.317
13.384
13.454
13.525
13.597
13.672
13.748
13.826
13.906
13.988
14.071
14.157
14.244
14.332
14.423
14.515
14.61
14.706
14.803
14.903
15.004
15.107
15.212
15.319
15.428
15.538
15.65
15.764
15.879
15.997
16.116
16.237
16.36
16.484
16.611
16.739
16.869
17
17.134
17.269
17.406
17.545
17.686
17.828
17.972
18.118
18.266
18.416
18.567
18.72
18.875
19.032
19.19
19.35
19.513
19.676
19.842
20.009
20.179
20.35
20.522
20.697
20.873
21.052
21.231
21.413
21.597
21.782
21.969
22.158
22.349
22.541
22.735
22.931
23.129
23.329
23.53
23.733
23.938
24.145
24.353
24.564
24.776
24.99
25.205
25.423
25.642
25.863
26.086
26.31
26.537
26.765
26.995
27.227
27.46
27.695
27.932
28.171
28.412
28.654
28.899
29.145
29.392
29.642
12.512
12.528
12.544
12.56
12.576
12.592
12.609
12.625
12.641
12.657
12.673
12.69
12.706
12.722
12.738
12.754
12.77
12.787
12.803
12.819
12.835
12.851
12.868
12.884
12.9
12.916
12.932
12.948
12.965
12.981
12.997
13.013
13.029
13.045
13.062
13.078
13.094
13.11
13.126
13.143
13.159
13.175
13.191
13.207
13.223
13.24
13.256
13.272
13.288
13.315
13.384
13.455
13.528
13.602
13.678
13.756
13.836
13.917
14.001
14.086
14.173
14.261
14.352
14.444
14.538
14.634
14.732
14.831
14.932
15.035
15.14
15.247
15.355
15.465
15.577
15.691
15.806
15.923
16.042
16.163
16.286
16.41
16.537
16.664
16.794
16.926
17.059
17.194
17.331
17.47
17.61
17.753
17.897
18.043
18.19
18.34
18.491
18.644
18.799
18.955
19.113
19.274
19.436
19.599
19.765
19.932
20.101
20.272
20.445
20.619
20.795
20.973
21.153
21.335
21.518
21.703
21.89
22.079
22.269
22.462
22.656
22.851
23.049
23.249
23.45
23.653
23.858
24.064
24.272
24.483
24.695
24.908
25.124
25.341
25.56
25.781
26.004
26.228
26.454
26.682
26.912
27.144
27.377
27.612
27.849
28.088
28.329
28.571
28.815
29.061
29.308
29.558
12.498
12.514
12.53
12.546
12.562
12.578
12.595
12.611
12.627
12.643
12.659
12.676
12.692
12.708
12.724
12.74
12.756
12.773
12.789
12.805
12.821
12.837
12.853
12.87
12.886
12.902
12.918
12.934
12.951
12.967
12.983
12.999
13.015
13.031
13.048
13.064
13.08
13.096
13.112
13.129
13.145
13.161
13.177
13.193
13.209
13.226
13.242
13.258
13.274
13.29
13.313
13.384
13.456
13.53
13.607
13.684
13.764
13.845
13.928
14.013
14.1
14.189
14.279
14.371
14.465
14.561
14.658
14.757
14.859
14.961
15.066
15.172
15.281
15.391
15.502
15.616
15.731
15.848
15.967
16.088
16.21
16.335
16.461
16.589
16.718
16.85
16.983
17.118
17.254
17.393
17.533
17.676
17.819
17.965
18.113
18.262
18.413
18.566
18.72
18.877
19.035
19.195
19.357
19.52
19.686
19.853
20.022
20.192
20.365
20.539
20.715
20.893
21.073
21.254
21.437
21.622
21.809
21.998
22.188
22.38
22.574
22.77
22.967
23.167
23.368
23.571
23.775
23.982
24.19
24.4
24.612
24.825
25.041
25.258
25.477
25.697
25.92
26.144
26.37
26.598
26.828
27.059
27.292
27.528
27.764
28.003
28.243
28.485
28.729
28.975
29.223
29.472
12.484
12.5
12.516
12.532
12.548
12.564
12.581
12.597
12.613
12.629
12.645
12.661
12.678
12.694
12.71
12.726
12.742
12.759
12.775
12.791
12.807
12.823
12.839
12.856
12.872
12.888
12.904
12.92
12.937
12.953
12.969
12.985
13.001
13.017
13.034
13.05
13.066
13.082
13.098
13.114
13.131
13.147
13.163
13.179
13.195
13.212
13.228
13.244
13.26
13.276
13.292
13.311
13.383
13.457
13.533
13.611
13.69
13.771
13.854
13.939
14.026
14.114
14.204
14.296
14.39
14.486
14.583
14.682
14.783
14.886
14.99
15.096
15.204
15.314
15.426
15.539
15.654
15.771
15.89
16.011
16.133
16.257
16.383
16.511
16.64
16.771
16.905
17.039
17.176
17.314
17.455
17.597
17.74
17.886
18.033
18.182
18.333
18.486
18.64
18.797
18.955
19.115
19.276
19.44
19.605
19.772
19.941
20.111
20.283
20.458
20.634
20.811
20.991
21.172
21.355
21.54
21.727
21.915
22.105
22.297
22.491
22.687
22.884
23.083
23.284
23.487
23.691
23.897
24.106
24.315
24.527
24.74
24.956
25.173
25.391
25.612
25.834
26.059
26.284
26.512
26.742
26.973
27.206
27.441
27.678
27.916
28.156
28.398
28.642
28.888
29.135
29.384
12.469
12.486
12.502
12.518
12.534
12.55
12.567
12.583
12.599
12.615
12.631
12.647
12.664
12.68
12.696
12.712
12.728
12.745
12.761
12.777
12.793
12.809
12.825
12.842
12.858
12.874
12.89
12.906
12.922
12.939
12.955
12.971
12.987
13.003
13.02
13.036
13.052
13.068
13.084
13.1
13.117
13.133
13.149
13.165
13.181
13.197
13.214
13.23
13.246
13.262
13.278
13.295
13.311
13.382
13.458
13.535
13.615
13.696
13.779
13.863
13.95
14.038
14.128
14.22
14.313
14.409
14.506
14.605
14.706
14.808
14.912
15.019
15.126
15.236
15.348
15.461
15.576
15.693
15.811
15.932
16.054
16.178
16.304
16.431
16.561
16.692
16.825
16.959
17.096
17.234
17.374
17.516
17.659
17.805
17.952
18.101
18.252
18.404
18.559
18.715
18.873
19.032
19.194
19.357
19.522
19.689
19.858
20.028
20.2
20.374
20.55
20.728
20.907
21.088
21.271
21.456
21.642
21.83
22.02
22.212
22.406
22.601
22.799
22.998
23.198
23.401
23.605
23.811
24.019
24.229
24.441
24.654
24.869
25.086
25.304
25.525
25.747
25.971
26.197
26.424
26.654
26.885
27.118
27.353
27.589
27.827
28.067
28.309
28.553
28.798
29.046
29.295
12.455
12.472
12.488
12.504
12.52
12.536
12.553
12.569
12.585
12.601
12.617
12.633
12.65
12.666
12.682
12.698
12.714
12.73
12.747
12.763
12.779
12.795
12.811
12.828
12.844
12.86
12.876
12.892
12.908
12.925
12.941
12.957
12.973
12.989
13.005
13.022
13.038
13.054
13.07
13.086
13.103
13.119
13.135
13.151
13.167
13.183
13.2
13.216
13.232
13.248
13.264
13.281
13.297
13.313
13.381
13.458
13.537
13.618
13.701
13.785
13.872
13.96
14.05
14.141
14.235
14.33
14.427
14.526
14.626
14.729
14.833
14.939
15.047
15.156
15.268
15.381
15.496
15.612
15.731
15.851
15.973
16.097
16.222
16.35
16.479
16.61
16.743
16.877
17.014
17.152
17.292
17.433
17.577
17.722
17.869
18.018
18.169
18.321
18.475
18.631
18.789
18.948
19.11
19.273
19.438
19.604
19.773
19.943
20.115
20.289
20.465
20.642
20.821
21.002
21.185
21.37
21.556
21.744
21.934
22.126
22.319
22.514
22.712
22.91
23.111
23.313
23.518
23.724
23.931
24.141
24.352
24.565
24.78
24.997
25.216
25.436
25.658
25.882
26.107
26.335
26.564
26.795
27.028
27.262
27.499
27.737
27.977
28.219
28.462
28.707
28.954
29.203
12.441
12.458
12.474
12.49
12.506
12.522
12.538
12.555
12.571
12.587
12.603
12.619
12.636
12.652
12.668
12.684
12.7
12.716
12.733
12.749
12.765
12.781
12.797
12.813
12.83
12.846
12.862
12.878
12.894
12.911
12.927
12.943
12.959
12.975
12.991
13.008
13.024
13.04
13.056
13.072
13.089
13.105
13.121
13.137
13.153
13.169
13.186
13.202
13.218
13.234
13.25
13.266
13.283
13.299
13.315
13.379
13.458
13.539
13.621
13.706
13.792
13.88
13.97
14.061
14.154
14.25
14.346
14.445
14.546
14.648
14.752
14.858
14.965
15.075
15.186
15.299
15.414
15.53
15.648
15.768
15.89
16.014
16.139
16.267
16.396
16.527
16.659
16.794
16.93
17.068
17.207
17.349
17.492
17.637
17.784
17.933
18.083
18.236
18.39
18.546
18.703
18.863
19.024
19.187
19.352
19.518
19.686
19.857
20.028
20.202
20.378
20.555
20.734
20.915
21.097
21.282
21.468
21.656
21.846
22.037
22.231
22.426
22.623
22.821
23.022
23.224
23.428
23.634
23.842
24.051
24.262
24.475
24.69
24.907
25.125
25.345
25.567
25.791
26.016
26.243
26.473
26.703
26.936
27.17
27.407
27.645
27.884
28.126
28.369
28.614
28.861
29.11
12.427
12.444
12.46
12.476
12.492
12.508
12.524
12.541
12.557
12.573
12.589
12.605
12.621
12.638
12.654
12.67
12.686
12.702
12.719
12.735
12.751
12.767
12.783
12.799
12.816
12.832
12.848
12.864
12.88
12.897
12.913
12.929
12.945
12.961
12.977
12.994
13.01
13.026
13.042
13.058
13.074
13.091
13.107
13.123
13.139
13.155
13.172
13.188
13.204
13.22
13.236
13.252
13.269
13.285
13.301
13.317
13.377
13.458
13.54
13.624
13.71
13.798
13.888
13.979
14.072
14.167
14.264
14.363
14.463
14.565
14.669
14.775
14.882
14.991
15.102
15.215
15.33
15.446
15.564
15.684
15.806
15.929
16.055
16.182
16.311
16.441
16.574
16.708
16.844
16.982
17.122
17.263
17.406
17.551
17.698
17.846
17.997
18.149
18.303
18.458
18.616
18.775
18.936
19.099
19.264
19.43
19.598
19.768
19.94
20.113
20.289
20.466
20.645
20.825
21.008
21.192
21.378
21.566
21.756
21.947
22.14
22.335
22.532
22.731
22.931
23.133
23.337
23.543
23.75
23.959
24.17
24.383
24.598
24.814
25.033
25.252
25.474
25.698
25.923
26.15
26.379
26.61
26.842
27.077
27.313
27.551
27.79
28.032
28.275
28.52
28.767
29.015
12.413
12.429
12.446
12.462
12.478
12.494
12.51
12.527
12.543
12.559
12.575
12.591
12.607
12.624
12.64
12.656
12.672
12.688
12.705
12.721
12.737
12.753
12.769
12.785
12.802
12.818
12.834
12.85
12.866
12.882
12.899
12.915
12.931
12.947
12.963
12.98
12.996
13.012
13.028
13.044
13.06
13.077
13.093
13.109
13.125
13.141
13.157
13.174
13.19
13.206
13.222
13.238
13.255
13.271
13.287
13.303
13.319
13.375
13.457
13.541
13.627
13.715
13.804
13.895
13.988
14.083
14.18
14.278
14.378
14.48
14.584
14.69
14.797
14.906
15.017
15.13
15.244
15.36
15.478
15.598
15.72
15.843
15.968
16.095
16.224
16.354
16.487
16.621
16.757
16.894
17.034
17.175
17.318
17.463
17.609
17.758
17.908
18.06
18.214
18.369
18.527
18.686
18.847
19.009
19.174
19.34
19.508
19.678
19.849
20.023
20.198
20.375
20.554
20.734
20.917
21.101
21.287
21.474
21.664
21.855
22.048
22.243
22.44
22.638
22.838
23.04
23.244
23.449
23.657
23.866
24.077
24.29
24.504
24.72
24.938
25.158
25.38
25.603
25.828
26.055
26.284
26.515
26.747
26.981
27.217
27.455
27.694
27.936
28.179
28.423
28.67
28.919
12.399
12.415
12.432
12.448
12.464
12.48
12.496
12.513
12.529
12.545
12.561
12.577
12.593
12.61
12.626
12.642
12.658
12.674
12.69
12.707
12.723
12.739
12.755
12.771
12.788
12.804
12.82
12.836
12.852
12.868
12.885
12.901
12.917
12.933
12.949
12.965
12.982
12.998
13.014
13.03
13.046
13.063
13.079
13.095
13.111
13.127
13.143
13.16
13.176
13.192
13.208
13.224
13.241
13.257
13.273
13.289
13.305
13.321
13.372
13.456
13.542
13.63
13.719
13.81
13.903
13.997
14.094
14.192
14.292
14.394
14.497
14.603
14.71
14.819
14.93
15.042
15.157
15.273
15.39
15.51
15.632
15.755
15.88
16.007
16.135
16.266
16.398
16.532
16.667
16.805
16.944
17.085
17.228
17.373
17.519
17.668
17.818
17.969
18.123
18.278
18.436
18.595
18.755
18.918
19.082
19.248
19.416
19.586
19.757
19.931
20.106
20.282
20.461
20.641
20.824
21.008
21.193
21.381
21.57
21.761
21.954
22.149
22.345
22.544
22.744
22.945
23.149
23.355
23.562
23.771
23.981
24.194
24.408
24.624
24.842
25.062
25.283
25.507
25.732
25.959
26.187
26.418
26.65
26.884
27.12
27.357
27.597
27.838
28.081
28.325
28.572
28.82
12.385
12.401
12.418
12.434
12.45
12.466
12.482
12.498
12.515
12.531
12.547
12.563
12.579
12.596
12.612
12.628
12.644
12.66
12.676
12.693
12.709
12.725
12.741
12.757
12.773
12.79
12.806
12.822
12.838
12.854
12.871
12.887
12.903
12.919
12.935
12.951
12.968
12.984
13
13.016
13.032
13.049
13.065
13.081
13.097
13.113
13.129
13.146
13.162
13.178
13.194
13.21
13.226
13.243
13.259
13.275
13.291
13.307
13.324
13.37
13.455
13.542
13.632
13.723
13.815
13.91
14.006
14.104
14.204
14.306
14.409
14.514
14.621
14.73
14.841
14.953
15.067
15.183
15.301
15.42
15.542
15.665
15.79
15.916
16.045
16.175
16.307
16.441
16.576
16.714
16.853
16.994
17.137
17.281
17.428
17.576
17.725
17.877
18.031
18.186
18.343
18.502
18.662
18.825
18.989
19.155
19.323
19.492
19.663
19.836
20.011
20.188
20.366
20.547
20.729
20.913
21.098
21.286
21.475
21.666
21.858
22.053
22.249
22.447
22.647
22.849
23.053
23.258
23.465
23.674
23.884
24.097
24.311
24.527
24.745
24.964
25.185
25.409
25.633
25.86
26.089
26.319
26.551
26.785
27.02
27.258
27.497
27.738
27.981
28.225
28.472
28.72
12.371
12.387
12.404
12.42
12.436
12.452
12.468
12.484
12.501
12.517
12.533
12.549
12.565
12.581
12.598
12.614
12.63
12.646
12.662
12.679
12.695
12.711
12.727
12.743
12.759
12.776
12.792
12.808
12.824
12.84
12.857
12.873
12.889
12.905
12.921
12.937
12.954
12.97
12.986
13.002
13.018
13.034
13.051
13.067
13.083
13.099
13.115
13.132
13.148
13.164
13.18
13.196
13.212
13.229
13.245
13.261
13.277
13.293
13.309
13.326
13.366
13.454
13.543
13.633
13.726
13.82
13.917
14.014
14.114
14.216
14.319
14.424
14.531
14.64
14.75
14.862
14.976
15.092
15.21
15.329
15.45
15.573
15.698
15.824
15.953
16.083
16.215
16.348
16.484
16.621
16.76
16.901
17.043
17.188
17.334
17.482
17.632
17.783
17.936
18.091
18.248
18.407
18.567
18.73
18.894
19.059
19.227
19.396
19.568
19.741
19.915
20.092
20.27
20.45
20.632
20.816
21.001
21.189
21.378
21.568
21.761
21.955
22.152
22.35
22.549
22.751
22.954
23.159
23.366
23.575
23.785
23.998
24.212
24.427
24.645
24.864
25.086
25.309
25.533
25.76
25.988
26.218
26.45
26.684
26.919
27.157
27.396
27.636
27.879
28.124
28.37
28.618
12.357
12.373
12.389
12.406
12.422
12.438
12.454
12.47
12.487
12.503
12.519
12.535
12.551
12.567
12.584
12.6
12.616
12.632
12.648
12.665
12.681
12.697
12.713
12.729
12.745
12.762
12.778
12.794
12.81
12.826
12.842
12.859
12.875
12.891
12.907
12.923
12.94
12.956
12.972
12.988
13.004
13.02
13.037
13.053
13.069
13.085
13.101
13.117
13.134
13.15
13.166
13.182
13.198
13.215
13.231
13.247
13.263
13.279
13.295
13.312
13.328
13.363
13.452
13.543
13.635
13.729
13.825
13.923
14.023
14.124
14.227
14.332
14.439
14.547
14.657
14.77
14.883
14.999
15.116
15.236
15.357
15.48
15.604
15.73
15.859
15.989
16.12
16.254
16.389
16.526
16.665
16.806
16.948
17.092
17.238
17.386
17.536
17.687
17.84
17.995
18.152
18.31
18.471
18.633
18.797
18.962
19.13
19.299
19.47
19.643
19.818
19.994
20.172
20.352
20.534
20.717
20.903
21.09
21.279
21.469
21.662
21.856
22.052
22.25
22.449
22.651
22.854
23.059
23.266
23.474
23.685
23.897
24.111
24.326
24.544
24.763
24.984
25.207
25.431
25.658
25.886
26.116
26.348
26.581
26.817
27.054
27.293
27.533
27.776
28.02
28.266
28.514
12.343
12.359
12.375
12.392
12.408
12.424
12.44
12.456
12.473
12.489
12.505
12.521
12.537
12.553
12.57
12.586
12.602
12.618
12.634
12.65
12.667
12.683
12.699
12.715
12.731
12.748
12.764
12.78
12.796
12.812
12.828
12.845
12.861
12.877
12.893
12.909
12.925
12.942
12.958
12.974
12.99
13.006
13.023
13.039
13.055
13.071
13.087
13.103
13.12
13.136
13.152
13.168
13.184
13.201
13.217
13.233
13.249
13.265
13.281
13.298
13.314
13.33
13.359
13.45
13.542
13.636
13.732
13.83
13.929
14.03
14.133
14.238
14.345
14.453
14.563
14.675
14.789
14.904
15.022
15.141
15.262
15.384
15.509
15.635
15.763
15.893
16.024
16.158
16.293
16.43
16.568
16.709
16.851
16.995
17.141
17.289
17.438
17.589
17.742
17.897
18.054
18.212
18.372
18.534
18.698
18.864
19.031
19.2
19.371
19.543
19.718
19.894
20.072
20.252
20.434
20.617
20.802
20.989
21.178
21.368
21.561
21.755
21.951
22.148
22.348
22.549
22.752
22.957
23.163
23.372
23.582
23.794
24.008
24.223
24.441
24.66
24.881
25.103
25.328
25.554
25.782
26.012
26.243
26.477
26.712
26.949
27.188
27.428
27.671
27.915
28.161
28.408
12.329
12.345
12.361
12.378
12.394
12.41
12.426
12.442
12.458
12.475
12.491
12.507
12.523
12.539
12.556
12.572
12.588
12.604
12.62
12.636
12.653
12.669
12.685
12.701
12.717
12.733
12.75
12.766
12.782
12.798
12.814
12.831
12.847
12.863
12.879
12.895
12.911
12.928
12.944
12.96
12.976
12.992
13.009
13.025
13.041
13.057
13.073
13.089
13.106
13.122
13.138
13.154
13.17
13.186
13.203
13.219
13.235
13.251
13.267
13.284
13.3
13.316
13.332
13.355
13.448
13.541
13.637
13.735
13.834
13.935
14.038
14.142
14.249
14.357
14.467
14.579
14.692
14.808
14.925
15.044
15.165
15.287
15.411
15.537
15.665
15.795
15.926
16.06
16.195
16.331
16.47
16.61
16.752
16.896
17.042
17.19
17.339
17.49
17.643
17.797
17.954
18.112
18.272
18.434
18.598
18.763
18.93
19.099
19.27
19.442
19.617
19.793
19.97
20.15
20.332
20.515
20.7
20.887
21.075
21.266
21.458
21.652
21.847
22.045
22.244
22.445
22.648
22.853
23.059
23.268
23.478
23.689
23.903
24.118
24.336
24.555
24.775
24.998
25.222
25.448
25.676
25.906
26.137
26.371
26.606
26.842
27.081
27.321
27.564
27.808
28.053
28.301
12.315
12.331
12.347
12.364
12.38
12.396
12.412
12.428
12.444
12.461
12.477
12.493
12.509
12.525
12.541
12.558
12.574
12.59
12.606
12.622
12.639
12.655
12.671
12.687
12.703
12.719
12.736
12.752
12.768
12.784
12.8
12.817
12.833
12.849
12.865
12.881
12.897
12.914
12.93
12.946
12.962
12.978
12.994
13.011
13.027
13.043
13.059
13.075
13.092
13.108
13.124
13.14
13.156
13.172
13.189
13.205
13.221
13.237
13.253
13.269
13.286
13.302
13.318
13.334
13.351
13.445
13.54
13.638
13.737
13.838
13.941
14.045
14.151
14.259
14.369
14.481
14.594
14.709
14.826
14.945
15.066
15.188
15.312
15.438
15.566
15.695
15.827
15.96
16.095
16.231
16.37
16.51
16.652
16.796
16.941
17.089
17.238
17.389
17.541
17.696
17.852
18.01
18.17
18.332
18.495
18.66
18.827
18.996
19.167
19.339
19.513
19.689
19.867
20.047
20.228
20.411
20.596
20.782
20.971
21.161
21.353
21.547
21.743
21.94
22.139
22.34
22.543
22.747
22.954
23.162
23.372
23.583
23.797
24.012
24.229
24.448
24.668
24.891
25.115
25.341
25.569
25.798
26.029
26.262
26.497
26.734
26.973
27.213
27.455
27.699
27.944
28.192
12.301
12.317
12.333
12.349
12.366
12.382
12.398
12.414
12.43
12.447
12.463
12.479
12.495
12.511
12.527
12.544
12.56
12.576
12.592
12.608
12.625
12.641
12.657
12.673
12.689
12.705
12.722
12.738
12.754
12.77
12.786
12.802
12.819
12.835
12.851
12.867
12.883
12.9
12.916
12.932
12.948
12.964
12.98
12.997
13.013
13.029
13.045
13.061
13.077
13.094
13.11
13.126
13.142
13.158
13.175
13.191
13.207
13.223
13.239
13.255
13.272
13.288
13.304
13.32
13.336
13.353
13.442
13.539
13.638
13.739
13.841
13.946
14.052
14.16
14.27
14.381
14.494
14.609
14.726
14.845
14.965
15.087
15.211
15.337
15.465
15.594
15.725
15.858
15.993
16.129
16.268
16.408
16.55
16.693
16.839
16.986
17.135
17.286
17.438
17.593
17.749
17.907
18.066
18.228
18.391
18.556
18.723
18.892
19.062
19.234
19.408
19.584
19.762
19.941
20.122
20.305
20.49
20.676
20.865
21.055
21.247
21.44
21.636
21.833
22.032
22.233
22.435
22.64
22.846
23.054
23.264
23.475
23.688
23.904
24.12
24.339
24.56
24.782
25.006
25.232
25.459
25.689
25.92
26.153
26.387
26.624
26.862
27.102
27.344
27.588
27.833
28.081
12.287
12.303
12.319
12.335
12.352
12.368
12.384
12.4
12.416
12.433
12.449
12.465
12.481
12.497
12.513
12.53
12.546
12.562
12.578
12.594
12.61
12.627
12.643
12.659
12.675
12.691
12.708
12.724
12.74
12.756
12.772
12.788
12.805
12.821
12.837
12.853
12.869
12.885
12.902
12.918
12.934
12.95
12.966
12.983
12.999
13.015
13.031
13.047
13.063
13.08
13.096
13.112
13.128
13.144
13.161
13.177
13.193
13.209
13.225
13.241
13.258
13.274
13.29
13.306
13.322
13.338
13.355
13.439
13.538
13.638
13.741
13.845
13.951
14.059
14.168
14.279
14.393
14.507
14.624
14.743
14.863
14.985
15.109
15.234
15.362
15.491
15.622
15.755
15.889
16.026
16.164
16.304
16.446
16.589
16.734
16.881
17.03
17.181
17.333
17.487
17.643
17.801
17.961
18.122
18.285
18.45
18.617
18.785
18.956
19.128
19.302
19.477
19.655
19.834
20.015
20.198
20.382
20.569
20.757
20.947
21.138
21.332
21.527
21.724
21.923
22.124
22.326
22.531
22.737
22.944
23.154
23.365
23.578
23.793
24.01
24.229
24.449
24.671
24.895
25.121
25.348
25.577
25.808
26.041
26.276
26.512
26.75
26.99
27.232
27.475
27.721
27.968
12.273
12.289
12.305
12.321
12.338
12.354
12.37
12.386
12.402
12.418
12.435
12.451
12.467
12.483
12.499
12.516
12.532
12.548
12.564
12.58
12.596
12.613
12.629
12.645
12.661
12.677
12.693
12.71
12.726
12.742
12.758
12.774
12.791
12.807
12.823
12.839
12.855
12.871
12.888
12.904
12.92
12.936
12.952
12.969
12.985
13.001
13.017
13.033
13.049
13.066
13.082
13.098
13.114
13.13
13.146
13.163
13.179
13.195
13.211
13.227
13.244
13.26
13.276
13.292
13.308
13.324
13.341
13.357
13.435
13.536
13.638
13.742
13.848
13.955
14.065
14.176
14.289
14.404
14.52
14.639
14.759
14.881
15.004
15.13
15.257
15.386
15.517
15.65
15.784
15.92
16.058
16.198
16.34
16.483
16.628
16.775
16.924
17.074
17.226
17.381
17.536
17.694
17.853
18.015
18.178
18.342
18.509
18.677
18.847
19.019
19.193
19.369
19.546
19.725
19.906
20.088
20.273
20.459
20.647
20.837
21.028
21.222
21.417
21.614
21.813
22.013
22.215
22.42
22.625
22.833
23.042
23.254
23.467
23.682
23.898
24.116
24.337
24.559
24.782
25.008
25.235
25.464
25.695
25.928
26.162
26.398
26.636
26.876
27.118
27.361
27.606
27.853
12.259
12.275
12.291
12.307
12.324
12.34
12.356
12.372
12.388
12.404
12.421
12.437
12.453
12.469
12.485
12.501
12.518
12.534
12.55
12.566
12.582
12.599
12.615
12.631
12.647
12.663
12.679
12.696
12.712
12.728
12.744
12.76
12.777
12.793
12.809
12.825
12.841
12.857
12.874
12.89
12.906
12.922
12.938
12.954
12.971
12.987
13.003
13.019
13.035
13.052
13.068
13.084
13.1
13.116
13.132
13.149
13.165
13.181
13.197
13.213
13.229
13.246
13.262
13.278
13.294
13.31
13.327
13.343
13.359
13.431
13.534
13.637
13.743
13.851
13.96
14.071
14.184
14.298
14.415
14.533
14.653
14.775
14.898
15.024
15.151
15.28
15.41
15.543
15.677
15.813
15.951
16.091
16.232
16.375
16.52
16.667
16.815
16.966
17.118
17.272
17.428
17.585
17.744
17.905
18.068
18.233
18.399
18.567
18.737
18.909
19.083
19.258
19.435
19.614
19.795
19.977
20.162
20.348
20.536
20.725
20.917
21.11
21.305
21.502
21.7
21.901
22.103
22.307
22.512
22.72
22.929
23.14
23.353
23.568
23.784
24.002
24.222
24.444
24.668
24.893
25.12
25.349
25.58
25.813
26.047
26.283
26.521
26.76
27.002
27.245
27.49
27.737
12.245
12.261
12.277
12.293
12.309
12.326
12.342
12.358
12.374
12.39
12.407
12.423
12.439
12.455
12.471
12.487
12.504
12.52
12.536
12.552
12.568
12.585
12.601
12.617
12.633
12.649
12.665
12.682
12.698
12.714
12.73
12.746
12.762
12.779
12.795
12.811
12.827
12.843
12.86
12.876
12.892
12.908
12.924
12.94
12.957
12.973
12.989
13.005
13.021
13.037
13.054
13.07
13.086
13.102
13.118
13.135
13.151
13.167
13.183
13.199
13.215
13.232
13.248
13.264
13.28
13.296
13.313
13.329
13.345
13.361
13.427
13.531
13.637
13.744
13.853
13.964
14.077
14.191
14.307
14.425
14.545
14.667
14.79
14.915
15.042
15.171
15.302
15.434
15.568
15.704
15.842
15.981
16.122
16.266
16.41
16.557
16.705
16.856
17.008
17.161
17.317
17.474
17.633
17.794
17.957
18.121
18.288
18.456
18.626
18.797
18.971
19.146
19.323
19.502
19.682
19.865
20.049
20.235
20.422
20.612
20.803
20.996
21.191
21.388
21.586
21.786
21.988
22.192
22.398
22.605
22.814
23.025
23.238
23.452
23.669
23.887
24.107
24.328
24.552
24.777
25.004
25.233
25.463
25.696
25.93
26.166
26.403
26.643
26.884
27.127
27.372
27.619
12.231
12.247
12.263
12.279
12.295
12.312
12.328
12.344
12.36
12.376
12.393
12.409
12.425
12.441
12.457
12.473
12.49
12.506
12.522
12.538
12.554
12.57
12.587
12.603
12.619
12.635
12.651
12.668
12.684
12.7
12.716
12.732
12.748
12.765
12.781
12.797
12.813
12.829
12.845
12.862
12.878
12.894
12.91
12.926
12.943
12.959
12.975
12.991
13.007
13.023
13.04
13.056
13.072
13.088
13.104
13.121
13.137
13.153
13.169
13.185
13.201
13.218
13.234
13.25
13.266
13.282
13.298
13.315
13.331
13.347
13.363
13.423
13.528
13.635
13.744
13.855
13.968
14.082
14.198
14.316
14.436
14.557
14.68
14.805
14.932
15.061
15.191
15.324
15.457
15.593
15.731
15.87
16.011
16.154
16.299
16.445
16.594
16.744
16.895
17.049
17.204
17.362
17.521
17.681
17.844
18.008
18.174
18.342
18.512
18.684
18.857
19.032
19.209
19.387
19.568
19.75
19.934
20.12
20.307
20.497
20.688
20.881
21.075
21.272
21.47
21.67
21.872
22.076
22.281
22.488
22.697
22.908
23.121
23.335
23.551
23.769
23.989
24.21
24.434
24.659
24.886
25.114
25.345
25.577
25.811
26.047
26.284
26.524
26.765
27.008
27.252
27.499
12.217
12.233
12.249
12.265
12.281
12.298
12.314
12.33
12.346
12.362
12.378
12.395
12.411
12.427
12.443
12.459
12.476
12.492
12.508
12.524
12.54
12.556
12.573
12.589
12.605
12.621
12.637
12.653
12.67
12.686
12.702
12.718
12.734
12.751
12.767
12.783
12.799
12.815
12.831
12.848
12.864
12.88
12.896
12.912
12.929
12.945
12.961
12.977
12.993
13.009
13.026
13.042
13.058
13.074
13.09
13.106
13.123
13.139
13.155
13.171
13.187
13.204
13.22
13.236
13.252
13.268
13.284
13.301
13.317
13.333
13.349
13.365
13.418
13.525
13.634
13.745
13.857
13.971
14.087
14.205
14.324
14.446
14.569
14.694
14.82
14.949
15.079
15.211
15.345
15.481
15.618
15.757
15.898
16.041
16.186
16.332
16.48
16.63
16.782
16.935
17.09
17.247
17.406
17.567
17.729
17.893
18.059
18.227
18.397
18.568
18.741
18.916
19.093
19.271
19.451
19.634
19.817
20.003
20.19
20.38
20.571
20.763
20.958
21.154
21.352
21.552
21.754
21.958
22.163
22.37
22.579
22.789
23.002
23.216
23.432
23.65
23.869
24.091
24.314
24.539
24.765
24.994
25.224
25.456
25.69
25.926
26.163
26.402
26.643
26.886
27.131
27.377
12.203
12.219
12.235
12.251
12.267
12.284
12.3
12.316
12.332
12.348
12.364
12.381
12.397
12.413
12.429
12.445
12.461
12.478
12.494
12.51
12.526
12.542
12.559
12.575
12.591
12.607
12.623
12.639
12.656
12.672
12.688
12.704
12.72
12.737
12.753
12.769
12.785
12.801
12.817
12.834
12.85
12.866
12.882
12.898
12.914
12.931
12.947
12.963
12.979
12.995
13.012
13.028
13.044
13.06
13.076
13.092
13.109
13.125
13.141
13.157
13.173
13.19
13.206
13.222
13.238
13.254
13.27
13.287
13.303
13.319
13.335
13.351
13.367
13.413
13.522
13.632
13.745
13.859
13.974
14.092
14.211
14.333
14.456
14.58
14.707
14.835
14.965
15.097
15.231
15.366
15.504
15.643
15.783
15.926
16.07
16.217
16.365
16.514
16.666
16.819
16.974
17.131
17.29
17.45
17.613
17.777
17.942
18.11
18.28
18.451
18.624
18.798
18.975
19.153
19.333
19.515
19.699
19.885
20.072
20.261
20.452
20.644
20.839
21.035
21.233
21.433
21.634
21.838
22.043
22.25
22.458
22.669
22.881
23.095
23.311
23.529
23.748
23.969
24.192
24.417
24.644
24.872
25.102
25.334
25.568
25.803
26.04
26.28
26.52
26.763
27.007
27.254
12.189
12.205
12.221
12.237
12.253
12.269
12.286
12.302
12.318
12.334
12.35
12.367
12.383
12.399
12.415
12.431
12.447
12.464
12.48
12.496
12.512
12.528
12.545
12.561
12.577
12.593
12.609
12.625
12.642
12.658
12.674
12.69
12.706
12.722
12.739
12.755
12.771
12.787
12.803
12.82
12.836
12.852
12.868
12.884
12.9
12.917
12.933
12.949
12.965
12.981
12.998
13.014
13.03
13.046
13.062
13.078
13.095
13.111
13.127
13.143
13.159
13.175
13.192
13.208
13.224
13.24
13.256
13.273
13.289
13.305
13.321
13.337
13.353
13.37
13.408
13.518
13.63
13.744
13.86
13.977
14.097
14.218
14.34
14.465
14.591
14.72
14.85
14.981
15.115
15.25
15.387
15.526
15.667
15.809
15.954
16.1
16.247
16.397
16.548
16.702
16.857
17.013
17.172
17.332
17.494
17.658
17.824
17.991
18.161
18.332
18.504
18.679
18.855
19.034
19.214
19.395
19.579
19.764
19.951
20.14
20.331
20.523
20.718
20.914
21.112
21.311
21.513
21.716
21.921
22.128
22.336
22.546
22.759
22.973
23.188
23.406
23.625
23.846
24.069
24.293
24.52
24.748
24.978
25.21
25.443
25.679
25.916
26.155
26.396
26.638
26.882
27.128
12.175
12.191
12.207
12.223
12.239
12.255
12.272
12.288
12.304
12.32
12.336
12.353
12.369
12.385
12.401
12.417
12.433
12.45
12.466
12.482
12.498
12.514
12.53
12.547
12.563
12.579
12.595
12.611
12.628
12.644
12.66
12.676
12.692
12.708
12.725
12.741
12.757
12.773
12.789
12.806
12.822
12.838
12.854
12.87
12.886
12.903
12.919
12.935
12.951
12.967
12.983
13
13.016
13.032
13.048
13.064
13.081
13.097
13.113
13.129
13.145
13.161
13.178
13.194
13.21
13.226
13.242
13.258
13.275
13.291
13.307
13.323
13.339
13.356
13.372
13.402
13.514
13.628
13.744
13.861
13.98
14.101
14.223
14.348
14.474
14.602
14.732
14.864
14.997
15.132
15.269
15.408
15.548
15.691
15.835
15.981
16.128
16.278
16.429
16.582
16.737
16.894
17.052
17.212
17.374
17.538
17.703
17.871
18.04
18.211
18.383
18.558
18.734
18.912
19.092
19.274
19.457
19.642
19.829
20.018
20.208
20.401
20.595
20.791
20.988
21.188
21.389
21.592
21.797
22.004
22.212
22.422
22.634
22.848
23.064
23.281
23.5
23.721
23.944
24.168
24.394
24.623
24.852
25.084
25.317
25.553
25.79
26.028
26.269
26.511
26.755
27.001
12.161
12.177
12.193
12.209
12.225
12.241
12.258
12.274
12.29
12.306
12.322
12.338
12.355
12.371
12.387
12.403
12.419
12.436
12.452
12.468
12.484
12.5
12.516
12.533
12.549
12.565
12.581
12.597
12.614
12.63
12.646
12.662
12.678
12.694
12.711
12.727
12.743
12.759
12.775
12.791
12.808
12.824
12.84
12.856
12.872
12.889
12.905
12.921
12.937
12.953
12.969
12.986
13.002
13.018
13.034
13.05
13.066
13.083
13.099
13.115
13.131
13.147
13.164
13.18
13.196
13.212
13.228
13.244
13.261
13.277
13.293
13.309
13.325
13.342
13.358
13.374
13.396
13.51
13.625
13.743
13.862
13.982
14.105
14.229
14.355
14.483
14.613
14.744
14.877
15.012
15.149
15.288
15.428
15.57
15.714
15.86
16.008
16.157
16.308
16.461
16.616
16.772
16.93
17.09
17.252
17.416
17.581
17.748
17.917
18.088
18.261
18.435
18.611
18.789
18.969
19.15
19.333
19.518
19.705
19.894
20.084
20.276
20.47
20.666
20.864
21.063
21.264
21.467
21.672
21.878
22.086
22.296
22.508
22.722
22.937
23.154
23.373
23.594
23.817
24.041
24.267
24.495
24.725
24.956
25.19
25.425
25.661
25.9
26.141
26.383
26.627
26.872
12.146
12.163
12.179
12.195
12.211
12.227
12.244
12.26
12.276
12.292
12.308
12.324
12.341
12.357
12.373
12.389
12.405
12.422
12.438
12.454
12.47
12.486
12.502
12.519
12.535
12.551
12.567
12.583
12.599
12.616
12.632
12.648
12.664
12.68
12.697
12.713
12.729
12.745
12.761
12.777
12.794
12.81
12.826
12.842
12.858
12.874
12.891
12.907
12.923
12.939
12.955
12.972
12.988
13.004
13.02
13.036
13.052
13.069
13.085
13.101
13.117
13.133
13.15
13.166
13.182
13.198
13.214
13.23
13.247
13.263
13.279
13.295
13.311
13.327
13.344
13.36
13.376
13.392
13.506
13.623
13.741
13.862
13.984
14.108
14.234
14.362
14.492
14.623
14.756
14.891
15.028
15.166
15.306
15.448
15.592
15.738
15.885
16.034
16.185
16.338
16.492
16.649
16.807
16.967
17.128
17.292
17.457
17.624
17.793
17.964
18.136
18.31
18.486
18.664
18.843
19.025
19.208
19.393
19.579
19.768
19.958
20.15
20.344
20.54
20.737
20.936
21.137
21.34
21.544
21.751
21.959
22.169
22.38
22.594
22.809
23.026
23.245
23.466
23.688
23.912
24.138
24.366
24.596
24.827
25.06
25.295
25.532
25.77
26.01
26.252
26.496
26.742
12.132
12.149
12.165
12.181
12.197
12.213
12.23
12.246
12.262
12.278
12.294
12.31
12.327
12.343
12.359
12.375
12.391
12.407
12.424
12.44
12.456
12.472
12.488
12.505
12.521
12.537
12.553
12.569
12.585
12.602
12.618
12.634
12.65
12.666
12.682
12.699
12.715
12.731
12.747
12.763
12.78
12.796
12.812
12.828
12.844
12.86
12.877
12.893
12.909
12.925
12.941
12.958
12.974
12.99
13.006
13.022
13.038
13.055
13.071
13.087
13.103
13.119
13.135
13.152
13.168
13.184
13.2
13.216
13.233
13.249
13.265
13.281
13.297
13.313
13.33
13.346
13.362
13.378
13.394
13.501
13.619
13.74
13.862
13.986
14.112
14.239
14.369
14.5
14.633
14.768
14.904
15.042
15.183
15.324
15.468
15.614
15.761
15.91
16.061
16.213
16.368
16.524
16.682
16.841
17.003
17.166
17.331
17.498
17.667
17.837
18.01
18.184
18.359
18.537
18.716
18.898
19.081
19.265
19.452
19.64
19.83
20.022
20.216
20.411
20.608
20.808
21.008
21.211
21.415
21.622
21.83
22.039
22.251
22.464
22.679
22.896
23.115
23.335
23.558
23.782
24.007
24.235
24.464
24.696
24.929
25.163
25.4
25.638
25.878
26.12
26.364
26.609
12.118
12.135
12.151
12.167
12.183
12.199
12.215
12.232
12.248
12.264
12.28
12.296
12.313
12.329
12.345
12.361
12.377
12.393
12.41
12.426
12.442
12.458
12.474
12.49
12.507
12.523
12.539
12.555
12.571
12.588
12.604
12.62
12.636
12.652
12.668
12.685
12.701
12.717
12.733
12.749
12.766
12.782
12.798
12.814
12.83
12.846
12.863
12.879
12.895
12.911
12.927
12.943
12.96
12.976
12.992
13.008
13.024
13.041
13.057
13.073
13.089
13.105
13.121
13.138
13.154
13.17
13.186
13.202
13.218
13.235
13.251
13.267
13.283
13.299
13.316
13.332
13.348
13.364
13.38
13.396
13.496
13.616
13.738
13.862
13.987
14.115
14.244
14.375
14.508
14.643
14.779
14.917
15.057
15.199
15.342
15.488
15.635
15.783
15.934
16.087
16.241
16.397
16.555
16.714
16.876
17.039
17.204
17.37
17.539
17.709
17.881
18.055
18.231
18.408
18.588
18.769
18.951
19.136
19.322
19.511
19.701
19.892
20.086
20.281
20.478
20.677
20.878
21.08
21.285
21.491
21.698
21.908
22.119
22.333
22.548
22.764
22.983
23.203
23.425
23.649
23.875
24.102
24.332
24.563
24.795
25.03
25.266
25.505
25.745
25.986
26.23
26.475
12.104
12.121
12.137
12.153
12.169
12.185
12.201
12.218
12.234
12.25
12.266
12.282
12.298
12.315
12.331
12.347
12.363
12.379
12.396
12.412
12.428
12.444
12.46
12.476
12.493
12.509
12.525
12.541
12.557
12.574
12.59
12.606
12.622
12.638
12.654
12.671
12.687
12.703
12.719
12.735
12.751
12.768
12.784
12.8
12.816
12.832
12.849
12.865
12.881
12.897
12.913
12.929
12.946
12.962
12.978
12.994
13.01
13.026
13.043
13.059
13.075
13.091
13.107
13.124
13.14
13.156
13.172
13.188
13.204
13.221
13.237
13.253
13.269
13.285
13.302
13.318
13.334
13.35
13.366
13.382
13.399
13.49
13.612
13.736
13.861
13.989
14.118
14.249
14.381
14.516
14.652
14.79
14.93
15.071
15.215
15.36
15.507
15.655
15.806
15.958
16.112
16.268
16.426
16.585
16.747
16.91
17.074
17.241
17.409
17.579
17.751
17.925
18.101
18.278
18.457
18.638
18.821
19.005
19.191
19.379
19.569
19.761
19.954
20.149
20.346
20.545
20.746
20.948
21.152
21.358
21.565
21.775
21.986
22.199
22.414
22.631
22.849
23.069
23.291
23.515
23.74
23.968
24.197
24.428
24.66
24.895
25.131
25.369
25.609
25.851
26.094
26.339
12.09
12.106
12.123
12.139
12.155
12.171
12.187
12.204
12.22
12.236
12.252
12.268
12.284
12.301
12.317
12.333
12.349
12.365
12.382
12.398
12.414
12.43
12.446
12.462
12.479
12.495
12.511
12.527
12.543
12.559
12.576
12.592
12.608
12.624
12.64
12.657
12.673
12.689
12.705
12.721
12.737
12.754
12.77
12.786
12.802
12.818
12.834
12.851
12.867
12.883
12.899
12.915
12.932
12.948
12.964
12.98
12.996
13.012
13.029
13.045
13.061
13.077
13.093
13.11
13.126
13.142
13.158
13.174
13.19
13.207
13.223
13.239
13.255
13.271
13.287
13.304
13.32
13.336
13.352
13.368
13.385
13.401
13.484
13.608
13.733
13.861
13.989
14.12
14.253
14.387
14.523
14.661
14.801
14.942
15.085
15.23
15.377
15.526
15.676
15.828
15.982
16.138
16.295
16.455
16.616
16.779
16.943
17.11
17.278
17.448
17.62
17.793
17.969
18.146
18.325
18.505
18.688
18.872
19.058
19.246
19.436
19.627
19.821
20.016
20.212
20.411
20.611
20.814
21.018
21.223
21.431
21.64
21.851
22.064
22.279
22.495
22.713
22.933
23.155
23.379
23.604
23.831
24.06
24.291
24.524
24.758
24.994
25.232
25.472
25.713
25.956
26.201
12.076
12.092
12.109
12.125
12.141
12.157
12.173
12.19
12.206
12.222
12.238
12.254
12.27
12.287
12.303
12.319
12.335
12.351
12.367
12.384
12.4
12.416
12.432
12.448
12.465
12.481
12.497
12.513
12.529
12.545
12.562
12.578
12.594
12.61
12.626
12.642
12.659
12.675
12.691
12.707
12.723
12.74
12.756
12.772
12.788
12.804
12.82
12.837
12.853
12.869
12.885
12.901
12.918
12.934
12.95
12.966
12.982
12.998
13.015
13.031
13.047
13.063
13.079
13.095
13.112
13.128
13.144
13.16
13.176
13.193
13.209
13.225
13.241
13.257
13.273
13.29
13.306
13.322
13.338
13.354
13.37
13.387
13.403
13.478
13.604
13.731
13.859
13.99
14.122
14.257
14.392
14.53
14.67
14.811
14.954
15.099
15.246
15.394
15.544
15.696
15.85
16.006
16.163
16.322
16.483
16.646
16.81
16.977
17.145
17.314
17.486
17.66
17.835
18.012
18.191
18.371
18.554
18.738
18.924
19.111
19.301
19.492
19.685
19.88
20.077
20.275
20.476
20.678
20.881
21.087
21.294
21.503
21.714
21.927
22.142
22.358
22.576
22.796
23.018
23.241
23.466
23.693
23.922
24.153
24.385
24.619
24.855
25.093
25.333
25.574
25.817
26.062
12.062
12.078
12.095
12.111
12.127
12.143
12.159
12.175
12.192
12.208
12.224
12.24
12.256
12.273
12.289
12.305
12.321
12.337
12.353
12.37
12.386
12.402
12.418
12.434
12.45
12.467
12.483
12.499
12.515
12.531
12.548
12.564
12.58
12.596
12.612
12.628
12.645
12.661
12.677
12.693
12.709
12.726
12.742
12.758
12.774
12.79
12.806
12.823
12.839
12.855
12.871
12.887
12.903
12.92
12.936
12.952
12.968
12.984
13.001
13.017
13.033
13.049
13.065
13.081
13.098
13.114
13.13
13.146
13.162
13.178
13.195
13.211
13.227
13.243
13.259
13.276
13.292
13.308
13.324
13.34
13.356
13.373
13.389
13.405
13.472
13.599
13.728
13.858
13.99
14.124
14.26
14.398
14.537
14.678
14.821
14.966
15.112
15.261
15.411
15.562
15.716
15.872
16.029
16.188
16.349
16.511
16.675
16.842
17.01
17.179
17.351
17.524
17.699
17.876
18.055
18.235
18.417
18.601
18.787
18.975
19.164
19.355
19.548
19.743
19.939
20.138
20.338
20.54
20.743
20.949
21.156
21.365
21.576
21.788
22.003
22.219
22.437
22.657
22.878
23.101
23.327
23.553
23.782
24.013
24.245
24.479
24.715
24.952
25.192
25.433
25.676
25.921
12.048
12.064
12.081
12.097
12.113
12.129
12.145
12.161
12.178
12.194
12.21
12.226
12.242
12.258
12.275
12.291
12.307
12.323
12.339
12.356
12.372
12.388
12.404
12.42
12.436
12.453
12.469
12.485
12.501
12.517
12.534
12.55
12.566
12.582
12.598
12.614
12.631
12.647
12.663
12.679
12.695
12.711
12.728
12.744
12.76
12.776
12.792
12.809
12.825
12.841
12.857
12.873
12.889
12.906
12.922
12.938
12.954
12.97
12.986
13.003
13.019
13.035
13.051
13.067
13.084
13.1
13.116
13.132
13.148
13.164
13.181
13.197
13.213
13.229
13.245
13.262
13.278
13.294
13.31
13.326
13.342
13.359
13.375
13.391
13.407
13.466
13.594
13.724
13.856
13.99
14.126
14.263
14.403
14.544
14.686
14.831
14.977
15.125
15.275
15.427
15.58
15.736
15.893
16.052
16.212
16.375
16.539
16.705
16.873
17.042
17.214
17.387
17.562
17.738
17.917
18.097
18.279
18.463
18.649
18.836
19.026
19.217
19.409
19.604
19.8
19.998
20.198
20.4
20.604
20.809
21.016
21.225
21.436
21.648
21.862
22.078
22.296
22.516
22.737
22.96
23.185
23.412
23.64
23.871
24.103
24.337
24.572
24.81
25.049
25.29
25.533
25.777
12.034
12.05
12.066
12.083
12.099
12.115
12.131
12.147
12.164
12.18
12.196
12.212
12.228
12.244
12.261
12.277
12.293
12.309
12.325
12.342
12.358
12.374
12.39
12.406
12.422
12.439
12.455
12.471
12.487
12.503
12.519
12.536
12.552
12.568
12.584
12.6
12.617
12.633
12.649
12.665
12.681
12.697
12.714
12.73
12.746
12.762
12.778
12.794
12.811
12.827
12.843
12.859
12.875
12.892
12.908
12.924
12.94
12.956
12.972
12.989
13.005
13.021
13.037
13.053
13.07
13.086
13.102
13.118
13.134
13.15
13.167
13.183
13.199
13.215
13.231
13.247
13.264
13.28
13.296
13.312
13.328
13.345
13.361
13.377
13.393
13.409
13.459
13.589
13.721
13.854
13.99
14.127
14.266
14.407
14.55
14.694
14.84
14.988
15.138
15.29
15.443
15.598
15.755
15.914
16.074
16.237
16.401
16.567
16.734
16.904
17.075
17.248
17.423
17.599
17.778
17.958
18.14
18.323
18.509
18.696
18.885
19.076
19.269
19.463
19.659
19.857
20.057
20.259
20.462
20.667
20.874
21.083
21.293
21.506
21.72
21.936
22.153
22.373
22.594
22.817
23.042
23.268
23.497
23.727
23.959
24.193
24.428
24.665
24.904
25.145
25.388
25.632
12.02
12.036
12.052
12.069
12.085
12.101
12.117
12.133
12.15
12.166
12.182
12.198
12.214
12.23
12.247
12.263
12.279
12.295
12.311
12.327
12.344
12.36
12.376
12.392
12.408
12.425
12.441
12.457
12.473
12.489
12.505
12.522
12.538
12.554
12.57
12.586
12.602
12.619
12.635
12.651
12.667
12.683
12.7
12.716
12.732
12.748
12.764
12.78
12.797
12.813
12.829
12.845
12.861
12.878
12.894
12.91
12.926
12.942
12.958
12.975
12.991
13.007
13.023
13.039
13.055
13.072
13.088
13.104
13.12
13.136
13.153
13.169
13.185
13.201
13.217
13.233
13.25
13.266
13.282
13.298
13.314
13.33
13.347
13.363
13.379
13.395
13.411
13.452
13.583
13.717
13.852
13.989
14.128
14.269
14.411
14.556
14.702
14.85
14.999
15.151
15.304
15.459
15.616
15.774
15.935
16.097
16.261
16.426
16.594
16.763
16.934
17.107
17.282
17.458
17.636
17.816
17.998
18.182
18.367
18.554
18.743
18.934
19.126
19.32
19.517
19.714
19.914
20.116
20.319
20.524
20.731
20.939
21.149
21.362
21.576
21.791
22.009
22.228
22.449
22.672
22.897
23.123
23.351
23.581
23.813
24.047
24.282
24.519
24.758
24.999
25.241
25.486
12.006
12.022
12.038
12.055
12.071
12.087
12.103
12.119
12.135
12.152
12.168
12.184
12.2
12.216
12.233
12.249
12.265
12.281
12.297
12.313
12.33
12.346
12.362
12.378
12.394
12.41
12.427
12.443
12.459
12.475
12.491
12.508
12.524
12.54
12.556
12.572
12.588
12.605
12.621
12.637
12.653
12.669
12.686
12.702
12.718
12.734
12.75
12.766
12.783
12.799
12.815
12.831
12.847
12.863
12.88
12.896
12.912
12.928
12.944
12.961
12.977
12.993
13.009
13.025
13.041
13.058
13.074
13.09
13.106
13.122
13.138
13.155
13.171
13.187
13.203
13.219
13.236
13.252
13.268
13.284
13.3
13.316
13.333
13.349
13.365
13.381
13.397
13.414
13.444
13.577
13.713
13.85
13.988
14.129
14.271
14.415
14.561
14.709
14.859
15.01
15.163
15.318
15.474
15.633
15.793
15.955
16.119
16.284
16.452
16.621
16.792
16.964
17.139
17.315
17.493
17.673
17.855
18.038
18.223
18.41
18.599
18.79
18.982
19.176
19.372
19.57
19.769
19.971
20.174
20.378
20.585
20.794
21.004
21.216
21.43
21.645
21.862
22.082
22.303
22.525
22.75
22.976
23.204
23.434
23.666
23.899
24.134
24.371
24.61
24.851
25.093
25.337
11.992
12.008
12.024
12.041
12.057
12.073
12.089
12.105
12.121
12.138
12.154
12.17
12.186
12.202
12.218
12.235
12.251
12.267
12.283
12.299
12.316
12.332
12.348
12.364
12.38
12.396
12.413
12.429
12.445
12.461
12.477
12.494
12.51
12.526
12.542
12.558
12.574
12.591
12.607
12.623
12.639
12.655
12.671
12.688
12.704
12.72
12.736
12.752
12.769
12.785
12.801
12.817
12.833
12.849
12.866
12.882
12.898
12.914
12.93
12.946
12.963
12.979
12.995
13.011
13.027
13.044
13.06
13.076
13.092
13.108
13.124
13.141
13.157
13.173
13.189
13.205
13.222
13.238
13.254
13.27
13.286
13.302
13.319
13.335
13.351
13.367
13.383
13.399
13.416
13.436
13.571
13.708
13.847
13.987
14.129
14.273
14.419
14.567
14.716
14.867
15.02
15.175
15.331
15.49
15.65
15.811
15.975
16.14
16.308
16.477
16.647
16.82
16.994
17.17
17.348
17.528
17.71
17.893
18.078
18.265
18.453
18.644
18.836
19.03
19.226
19.423
19.623
19.824
20.027
20.231
20.438
20.646
20.856
21.068
21.282
21.497
21.714
21.933
22.154
22.377
22.601
22.827
23.055
23.285
23.516
23.75
23.985
24.222
24.46
24.701
24.943
25.187
11.978
11.994
12.01
12.026
12.043
12.059
12.075
12.091
12.107
12.124
12.14
12.156
12.172
12.188
12.204
12.221
12.237
12.253
12.269
12.285
12.302
12.318
12.334
12.35
12.366
12.382
12.399
12.415
12.431
12.447
12.463
12.479
12.496
12.512
12.528
12.544
12.56
12.577
12.593
12.609
12.625
12.641
12.657
12.674
12.69
12.706
12.722
12.738
12.754
12.771
12.787
12.803
12.819
12.835
12.852
12.868
12.884
12.9
12.916
12.932
12.949
12.965
12.981
12.997
13.013
13.03
13.046
13.062
13.078
13.094
13.11
13.127
13.143
13.159
13.175
13.191
13.207
13.224
13.24
13.256
13.272
13.288
13.305
13.321
13.337
13.353
13.369
13.385
13.402
13.418
13.434
13.565
13.703
13.844
13.986
14.13
14.275
14.423
14.572
14.723
14.875
15.03
15.186
15.344
15.504
15.666
15.83
15.995
16.162
16.331
16.501
16.674
16.848
17.024
17.202
17.381
17.563
17.746
17.931
18.117
18.306
18.496
18.688
18.882
19.078
19.275
19.474
19.675
19.878
20.083
20.289
20.497
20.707
20.919
21.132
21.347
21.565
21.783
22.004
22.226
22.451
22.677
22.904
23.134
23.365
23.598
23.833
24.07
24.309
24.549
24.791
25.035
11.964
11.98
11.996
12.012
12.029
12.045
12.061
12.077
12.093
12.11
12.126
12.142
12.158
12.174
12.19
12.207
12.223
12.239
12.255
12.271
12.287
12.304
12.32
12.336
12.352
12.368
12.385
12.401
12.417
12.433
12.449
12.465
12.482
12.498
12.514
12.53
12.546
12.562
12.579
12.595
12.611
12.627
12.643
12.66
12.676
12.692
12.708
12.724
12.74
12.757
12.773
12.789
12.805
12.821
12.838
12.854
12.87
12.886
12.902
12.918
12.935
12.951
12.967
12.983
12.999
13.015
13.032
13.048
13.064
13.08
13.096
13.113
13.129
13.145
13.161
13.177
13.193
13.21
13.226
13.242
13.258
13.274
13.29
13.307
13.323
13.339
13.355
13.371
13.388
13.404
13.42
13.436
13.558
13.698
13.84
13.984
14.129
14.277
14.426
14.577
14.729
14.884
15.04
15.198
15.357
15.519
15.682
15.847
16.014
16.183
16.354
16.526
16.7
16.876
17.053
17.233
17.414
17.597
17.782
17.968
18.157
18.347
18.539
18.732
18.928
19.125
19.324
19.525
19.728
19.932
20.138
20.346
20.556
20.767
20.981
21.196
21.413
21.632
21.852
22.074
22.298
22.524
22.752
22.981
23.213
23.446
23.68
23.917
24.155
24.395
24.637
24.881
11.95
11.966
11.982
11.998
12.015
12.031
12.047
12.063
12.079
12.095
12.112
12.128
12.144
12.16
12.176
12.193
12.209
12.225
12.241
12.257
12.273
12.29
12.306
12.322
12.338
12.354
12.37
12.387
12.403
12.419
12.435
12.451
12.468
12.484
12.5
12.516
12.532
12.548
12.565
12.581
12.597
12.613
12.629
12.646
12.662
12.678
12.694
12.71
12.726
12.743
12.759
12.775
12.791
12.807
12.823
12.84
12.856
12.872
12.888
12.904
12.921
12.937
12.953
12.969
12.985
13.001
13.018
13.034
13.05
13.066
13.082
13.098
13.115
13.131
13.147
13.163
13.179
13.196
13.212
13.228
13.244
13.26
13.276
13.293
13.309
13.325
13.341
13.357
13.374
13.39
13.406
13.422
13.438
13.551
13.693
13.837
13.982
14.129
14.278
14.429
14.581
14.735
14.891
15.049
15.209
15.37
15.533
15.698
15.865
16.034
16.204
16.376
16.55
16.726
16.903
17.082
17.263
17.446
17.631
17.817
18.005
18.195
18.387
18.581
18.776
18.973
19.172
19.373
19.575
19.78
19.986
20.193
20.403
20.614
20.828
21.043
21.259
21.478
21.698
21.92
22.144
22.37
22.598
22.827
23.058
23.291
23.525
23.762
24
24.24
24.482
24.725
11.936
11.952
11.968
11.984
12.001
12.017
12.033
12.049
12.065
12.081
12.098
12.114
12.13
12.146
12.162
12.178
12.195
12.211
12.227
12.243
12.259
12.276
12.292
12.308
12.324
12.34
12.356
12.373
12.389
12.405
12.421
12.437
12.454
12.47
12.486
12.502
12.518
12.534
12.551
12.567
12.583
12.599
12.615
12.631
12.648
12.664
12.68
12.696
12.712
12.729
12.745
12.761
12.777
12.793
12.809
12.826
12.842
12.858
12.874
12.89
12.906
12.923
12.939
12.955
12.971
12.987
13.004
13.02
13.036
13.052
13.068
13.084
13.101
13.117
13.133
13.149
13.165
13.182
13.198
13.214
13.23
13.246
13.262
13.279
13.295
13.311
13.327
13.343
13.359
13.376
13.392
13.408
13.424
13.44
13.544
13.687
13.832
13.979
14.128
14.279
14.431
14.585
14.741
14.899
15.058
15.219
15.382
15.547
15.714
15.882
16.052
16.224
16.398
16.574
16.751
16.93
17.111
17.294
17.478
17.665
17.853
18.042
18.234
18.427
18.623
18.82
19.018
19.219
19.421
19.625
19.831
20.039
20.248
20.46
20.673
20.888
21.104
21.323
21.543
21.765
21.989
22.214
22.441
22.671
22.902
23.134
23.369
23.605
23.843
24.083
24.325
24.568
11.922
11.938
11.954
11.97
11.986
12.003
12.019
12.035
12.051
12.067
12.084
12.1
12.116
12.132
12.148
12.164
12.181
12.197
12.213
12.229
12.245
12.262
12.278
12.294
12.31
12.326
12.342
12.359
12.375
12.391
12.407
12.423
12.439
12.456
12.472
12.488
12.504
12.52
12.537
12.553
12.569
12.585
12.601
12.617
12.634
12.65
12.666
12.682
12.698
12.714
12.731
12.747
12.763
12.779
12.795
12.812
12.828
12.844
12.86
12.876
12.892
12.909
12.925
12.941
12.957
12.973
12.99
13.006
13.022
13.038
13.054
13.07
13.087
13.103
13.119
13.135
13.151
13.167
13.184
13.2
13.216
13.232
13.248
13.265
13.281
13.297
13.313
13.329
13.345
13.362
13.378
13.394
13.41
13.426
13.443
13.536
13.681
13.828
13.977
14.127
14.279
14.433
14.589
14.747
14.906
15.067
15.23
15.395
15.561
15.729
15.899
16.071
16.245
16.42
16.597
16.776
16.957
17.14
17.324
17.51
17.698
17.888
18.079
18.272
18.467
18.664
18.863
19.063
19.265
19.469
19.675
19.883
20.092
20.303
20.516
20.731
20.947
21.165
21.386
21.607
21.831
22.056
22.284
22.513
22.743
22.976
23.21
23.446
23.684
23.924
24.165
24.409
11.908
11.924
11.94
11.956
11.972
11.989
12.005
12.021
12.037
12.053
12.07
12.086
12.102
12.118
12.134
12.15
12.167
12.183
12.199
12.215
12.231
12.247
12.264
12.28
12.296
12.312
12.328
12.345
12.361
12.377
12.393
12.409
12.425
12.442
12.458
12.474
12.49
12.506
12.522
12.539
12.555
12.571
12.587
12.603
12.62
12.636
12.652
12.668
12.684
12.7
12.717
12.733
12.749
12.765
12.781
12.798
12.814
12.83
12.846
12.862
12.878
12.895
12.911
12.927
12.943
12.959
12.975
12.992
13.008
13.024
13.04
13.056
13.073
13.089
13.105
13.121
13.137
13.153
13.17
13.186
13.202
13.218
13.234
13.251
13.267
13.283
13.299
13.315
13.331
13.348
13.364
13.38
13.396
13.412
13.428
13.445
13.528
13.675
13.824
13.974
14.126
14.28
14.435
14.593
14.752
14.913
15.075
15.24
15.406
15.574
15.744
15.916
16.089
16.265
16.442
16.621
16.801
16.984
17.168
17.354
17.541
17.731
17.922
18.115
18.31
18.507
18.705
18.906
19.108
19.312
19.517
19.725
19.934
20.145
20.358
20.572
20.788
21.007
21.226
21.448
21.672
21.897
22.124
22.353
22.583
22.816
23.05
23.286
23.524
23.763
24.005
24.248
11.894
11.91
11.926
11.942
11.958
11.975
11.991
12.007
12.023
12.039
12.055
12.072
12.088
12.104
12.12
12.136
12.153
12.169
12.185
12.201
12.217
12.233
12.25
12.266
12.282
12.298
12.314
12.33
12.347
12.363
12.379
12.395
12.411
12.428
12.444
12.46
12.476
12.492
12.508
12.525
12.541
12.557
12.573
12.589
12.606
12.622
12.638
12.654
12.67
12.686
12.703
12.719
12.735
12.751
12.767
12.783
12.8
12.816
12.832
12.848
12.864
12.881
12.897
12.913
12.929
12.945
12.961
12.978
12.994
13.01
13.026
13.042
13.059
13.075
13.091
13.107
13.123
13.139
13.156
13.172
13.188
13.204
13.22
13.236
13.253
13.269
13.285
13.301
13.317
13.334
13.35
13.366
13.382
13.398
13.414
13.431
13.447
13.52
13.669
13.819
13.971
14.124
14.28
14.437
14.596
14.757
14.919
15.084
15.25
15.418
15.588
15.759
15.932
16.108
16.284
16.463
16.644
16.826
17.01
17.196
17.383
17.573
17.764
17.957
18.152
18.348
18.546
18.746
18.948
19.152
19.358
19.565
19.774
19.985
20.197
20.412
20.628
20.846
21.066
21.287
21.51
21.736
21.962
22.191
22.422
22.654
22.888
23.124
23.361
23.601
23.842
24.085
